x Ai Bi
-8.000000 -0.0527050504 -0.3312515808
-7.968750 -0.0233012725 -0.3349365089
-7.937500 0.0062838680 -0.3360166689
-7.906250 0.0358204812 -0.3344938885
-7.875000 0.0650808538 -0.3303901453
-7.843750 0.0938411950 -0.3237471605
-7.812500 0.1218833242 -0.3146258434
-7.781250 0.1489962888 -0.3031055948
-7.750000 0.1749779008 -0.2892834778
-7.718750 0.1996361810 -0.2732732640
-7.687500 0.2227907020 -0.2552043665
-7.656250 0.2442738206 -0.2352206685
-7.625000 0.2639317934 -0.2134792604
-7.593750 0.2816257681 -0.1901490955
-7.562500 0.2972326454 -0.1654095773
-7.531250 0.3106458087 -0.1394490900
-7.500000 0.3217757164 -0.1124634851
-7.468750 0.3305503570 -0.0846545362
-7.437500 0.3369155657 -0.0562283746
-7.406250 0.3408352017 -0.0273939174
-7.375000 0.3422911897 0.0016386987
-7.343750 0.3412834260 0.0306596675
-7.312500 0.3378295547 0.0594610349
-7.281250 0.3319646158 0.0878381824
-7.250000 0.3237405732 0.1155912610
-7.218750 0.3132257265 0.1425265663
-7.187500 0.3005040137 0.1684578466
-7.156250 0.2856742138 0.1932075344
-7.125000 0.2688490542 0.2166078951
-7.093750 0.2501542348 0.2385020853
-7.062500 0.2297273751 0.2587451154
-7.031250 0.2077168944 0.2772047115
-7.000000 0.1842808353 0.2937620719
-6.968750 0.1595856388 0.3083125159
-6.937500 0.1338048825 0.3207660221
-6.906250 0.1071179893 0.3310476544
-6.875000 0.0797089195 0.3390978751
-6.843750 0.0517648531 0.3448727463
-6.812500 0.0234748737 0.3483440194
-6.781250 -0.0049713379 0.3494991145
-6.750000 -0.0333847906 0.3483409935
-6.718750 -0.0615784424 0.3448879288
-6.687500 -0.0893684241 0.3391731718
-6.656250 -0.1165752195 0.3312445261
-6.625000 -0.1430247943 0.3211638304
-6.593750 -0.1685496689 0.3090063560
-6.562500 -0.1929899263 0.2948601256
-6.531250 -0.2161941524 0.2788251598
-6.500000 -0.2380203020 0.2610126576
-6.468750 -0.2583364868 0.2415441182
-6.437500 -0.2770216823 0.2205504112
-6.406250 -0.2939663502 0.1981708032
-6.375000 -0.3090729744 0.1745519474
-6.343750 -0.3222565082 0.1498468441
-6.312500 -0.3334447334 0.1242137804
-6.281250 -0.3425785290 0.0978152555
-6.250000 -0.3496120516 0.0708168993
-6.218750 -0.3545128271 0.0433863924
-6.187500 -0.3572617557 0.0156923931
-6.156250 -0.3578530323 -0.0120965205
-6.125000 -0.3562939850 -0.0398128881
-6.093750 -0.3526048335 -0.0672913760
-6.062500 -0.3468183723 -0.0943697553
-6.031250 -0.3389795822 -0.1208898388
-6.000000 -0.3291451736 -0.1466983767
-5.968750 -0.3173830666 -0.1716479025
-5.937500 -0.3037718128 -0.1955975275
-5.906250 -0.2883999640 -0.2184136785
-5.875000 -0.2713653924 -0.2399707764
-5.843750 -0.2527745684 -0.2601518532
-5.812500 -0.2327418014 -0.2788491035
-5.781250 -0.2113884487 -0.2959643709
-5.750000 -0.1888420990 -0.3114095657
-5.718750 -0.1652357353 -0.3251070150
-5.687500 -0.1407068837 -0.3369897436
-5.656250 -0.1153967530 -0.3470016859
-5.625000 -0.0894493702 -0.3550978295
-5.593750 -0.0630107190 -0.3612442914
-5.562500 -0.0362278838 -0.3654183280
-5.531250 -0.0092482063 -0.3676082796
-5.500000 0.0177815413 -0.3678134539
-5.468750 0.0447159626 -0.3660439478
-5.437500 0.0714118176 -0.3623204120
-5.406250 0.0977287743 -0.3566737609
-5.375000 0.1235301275 -0.3491448309
-5.343750 0.1486834813 -0.3397839900
-5.312500 0.1730613929 -0.3286507032
-5.281250 0.1965419739 -0.3158130565
-5.250000 0.2190094478 -0.3013472436
-5.218750 0.2403546618 -0.2853370199
-5.187500 0.2604755493 -0.2678731269
-5.156250 0.2792775450 -0.2490526910
-5.125000 0.2966739485 -0.2289786023
-5.093750 0.3125862376 -0.2077588754
-5.062500 0.3269443301 -0.1855059977
-5.031250 0.3396867943 -0.1623362688
-5.000000 0.3507610090 -0.1383691349
-4.968750 0.3601232723 -0.1137265216
-4.937500 0.3677388609 -0.0885321700
-4.906250 0.3735820411 -0.0629109783
-4.875000 0.3776360325 -0.0369883529
-4.843750 0.3798929253 -0.0108895730
-4.812500 0.3803535544 0.0152608297
-4.781250 0.3790273309 0.0413396718
-4.750000 0.3759320343 0.0672256985
-4.718750 0.3710935662 0.0928001387
-4.687500 0.3645456692 0.1179472348
-4.656250 0.3563296135 0.1425547437
-4.625000 0.3464938525 0.1665144084
-4.593750 0.3350936518 0.1897223968
-4.562500 0.3221906929 0.2120797087
-4.531250 0.3078526556 0.2334925476
-4.500000 0.2921527811 0.2538726577
-4.468750 0.2751694190 0.2731376259
-4.437500 0.2569855610 0.2912111461
-4.406250 0.2376883638 0.3080232484
-4.375000 0.2173686646 0.3235104906
-4.343750 0.1961204912 0.3376161142
-4.312500 0.1740405695 0.3502901637
-4.281250 0.1512278319 0.3614895705
-4.250000 0.1277829272 0.3711782022
-4.218750 0.1038077362 0.3793268776
-4.187500 0.0794048943 0.3859133482
-4.156250 0.0546773232 0.3909222493
-4.125000 0.0297277744 0.3943450183
-4.093750 0.0046583855 0.3961797859
-4.062500 -0.0204297481 0.3964312377
-4.031250 -0.0454369852 0.3951104510
-4.000000 -0.0702655329 0.3922347057
-3.968750 -0.0948198209 0.3878272738
-3.937500 -0.1190068553 0.3819171863
-3.906250 -0.1427365512 0.3745389819
-3.875000 -0.1659220428 0.3657324376
-3.843750 -0.1884799700 0.3555422841
-3.812500 -0.2103307412 0.3440179072
-3.781250 -0.2313987728 0.3312130373
-3.750000 -0.2516127030 0.3171854293
-3.718750 -0.2709055816 0.3019965337
-3.687500 -0.2892150351 0.2857111617
-3.656250 -0.3064834067 0.2683971459
-3.625000 -0.3226578726 0.2501249974
-3.593750 -0.3376905334 0.2309675627
-3.562500 -0.3515384819 0.2109996799
-3.531250 -0.3641638486 0.1902978376
-3.500000 -0.3755338231 0.1689398375
-3.468750 -0.3856206549 0.1470044606
-3.437500 -0.3944016322 0.1245711409
-3.406250 -0.4018590411 0.1017196460
-3.375000 -0.4079801047 0.0785297659
-3.343750 -0.4127569042 0.0550810121
-3.312500 -0.4161862829 0.0314523270
-3.281250 -0.4182697327 0.0077218049
-3.250000 -0.4190132668 -0.0160335747
-3.218750 -0.4184272769 -0.0397382007
-3.187500 -0.4165263782 -0.0633180702
-3.156250 -0.4133292425 -0.0867010142
-3.125000 -0.4088584199 -0.1098169088
-3.093750 -0.4031401518 -0.1325978706
-3.062500 -0.3962041748 -0.1549784382
-3.031250 -0.3880835181 -0.1768957365
-3.000000 -0.3788142937 -0.1982896264
-2.968750 -0.3684354827 -0.2191028388
-2.937500 -0.3569887172 -0.2392810926
-2.906250 -0.3445180590 -0.2587731971
-2.875000 -0.3310697776 -0.2775311394
-2.843750 -0.3166921255 -0.2955101562
-2.812500 -0.3014351161 -0.3126687911
-2.781250 -0.2853503001 -0.3289689372
-2.750000 -0.2684905459 -0.3443758653
-2.718750 -0.2509098215 -0.3588582389
-2.687500 -0.2326629805 -0.3723881154
-2.656250 -0.2138055518 -0.3849409349
-2.625000 -0.1943935354 -0.3964954971
-2.593750 -0.1744832021 -0.4070339257
-2.562500 -0.1541309009 -0.4165416226
-2.531250 -0.1333928720 -0.4250072115
-2.500000 -0.1123250677 -0.4324224718
-2.468750 -0.0909829802 -0.4387822630
-2.437500 -0.0694214778 -0.4440844412
-2.406250 -0.0476946492 -0.4483297675
-2.375000 -0.0258556562 -0.4515218098
-2.343750 -0.0039565957 -0.4536668372
-2.312500 0.0179516305 -0.4547737100
-2.281250 0.0398194354 -0.4548537632
-2.250000 0.0615986588 -0.4539206868
-2.218750 0.0832426688 -0.4519904013
-2.187500 0.1047064551 -0.4490809311
-2.156250 0.1259467127 -0.4452122740
-2.125000 0.1469219166 -0.4404062701
-2.093750 0.1675923874 -0.4346864684
-2.062500 0.1879203485 -0.4280779931
-2.031250 0.2078699739 -0.4206074090
-2.000000 0.2274074282 -0.4123025880
-1.968750 0.2465008979 -0.4031925752
-1.937500 0.2651206149 -0.3933074572
-1.906250 0.2832388725 -0.3826782313
-1.875000 0.3008300330 -0.3713366769
-1.843750 0.3178705294 -0.3593152290
-1.812500 0.3343388592 -0.3466468550
-1.781250 0.3502155723 -0.3333649338
-1.750000 0.3654832522 -0.3195031386
-1.718750 0.3801264920 -0.3050953234
-1.687500 0.3941318641 -0.2901754129
-1.656250 0.4074878858 -0.2747772965
-1.625000 0.4201849787 -0.2589347272
-1.593750 0.4322154252 -0.2426812233
-1.562500 0.4435733199 -0.2260499766
-1.531250 0.4542545175 -0.2090737634
-1.500000 0.4642565777 -0.1917848612
-1.468750 0.4735787068 -0.1742149697
-1.437500 0.4822216963 -0.1563951370
-1.406250 0.4901878604 -0.1383556899
-1.375000 0.4974809697 -0.1201261698
-1.343750 0.5041061849 -0.1017352722
-1.312500 0.5100699881 -0.0832107927
-1.281250 0.5153801136 -0.0645795757
-1.250000 0.5200454774 -0.0458674687
-1.218750 0.5240761068 -0.0270992816
-1.187500 0.5274830692 -0.0082987490
-1.156250 0.5302784012 0.0105115022
-1.125000 0.5324750381 0.0293099811
-1.093750 0.5340867438 0.0480763575
-1.062500 0.5351280407 0.0667914828
-1.031250 0.5356141420 0.0854374064
-1.000000 0.5355608833 0.1039973895
-0.968750 0.5349846569 0.1224559151
-0.937500 0.5339023466 0.1407986946
-0.906250 0.5323312646 0.1590126719
-0.875000 0.5302890899 0.1770860240
-0.843750 0.5277938079 0.1950081599
-0.812500 0.5248636534 0.2127697157
-0.781250 0.5215170536 0.2303625490
-0.750000 0.5177725752 0.2477797299
-0.718750 0.5136488719 0.2650155306
-0.687500 0.5091646354 0.2820654139
-0.656250 0.5043385480 0.2989260191
-0.625000 0.4991892375 0.3155951473
-0.593750 0.4937352346 0.3320717456
-0.562500 0.4879949326 0.3483558900
-0.531250 0.4819865493 0.3644487679
-0.500000 0.4757280916 0.3803526598
-0.468750 0.4692373218 0.3960709205
-0.437500 0.4625317268 0.4116079608
-0.406250 0.4556284894 0.4269692280
-0.375000 0.4485444615 0.4421611877
-0.343750 0.4412961404 0.4571913049
-0.312500 0.4338996459 0.4720680263
-0.281250 0.4263707011 0.4868007630
-0.250000 0.4187246143 0.5013998735
-0.218750 0.4109762626 0.5158766483
-0.187500 0.4031400789 0.5302432953
-0.156250 0.3952300391 0.5445129262
-0.125000 0.3872596524 0.5586995444
-0.093750 0.3792419526 0.5728180347
-0.062500 0.3711894915 0.5868841539
-0.031250 0.3631143339 0.6009145242
0.000000 0.3550280539 0.6149266274
0.031250 0.3469417327 0.6289388019
0.062500 0.3388659583 0.6429702414
0.093750 0.3308108257 0.6570409964
0.125000 0.3227859390 0.6711719774
0.156250 0.3148004146 0.6853849616
0.187500 0.3068628851 0.6997026010
0.218750 0.2989815044 0.7141484349
0.250000 0.2911639543 0.7287469039
0.281250 0.2834174511 0.7435233680
0.312500 0.2757487533 0.7585041272
0.343750 0.2681641707 0.7737164462
0.375000 0.2606695732 0.7891885819
0.406250 0.2532704008 0.8049498153
0.437500 0.2459716739 0.8210304868
0.468750 0.2387780043 0.8374620355
0.500000 0.2316936065 0.8542770431
0.531250 0.2247223092 0.8715092817
0.562500 0.2178675674 0.8891937666
0.593750 0.2111324748 0.9073668138
0.625000 0.2045197759 0.9260661022
0.656250 0.1980318790 0.9453307419
0.687500 0.1916708688 0.9652013467
0.718750 0.1854385190 0.9857201138
0.750000 0.1793363055 1.0069309086
0.781250 0.1733654192 1.0288793565
0.812500 0.1675267785 1.0516129405
0.843750 0.1618210426 1.0751811071
0.875000 0.1562486236 1.0996353786
0.906250 0.1508096993 1.1250294735
0.937500 0.1455042256 1.1514194357
0.968750 0.1403319486 1.1788637711
1.000000 0.1352924163 1.2074235950
1.031250 0.1303849910 1.2371627876
1.062500 0.1256088602 1.2681481612
1.093750 0.1209630482 1.3004496370
1.125000 0.1164464269 1.3341404344
1.156250 0.1120577265 1.3692972715
1.187500 0.1077955460 1.4060005793
1.218750 0.1036583633 1.4443347293
1.250000 0.0996445448 1.4843882755
1.281250 0.0957523549 1.5262542117
1.312500 0.0919799654 1.5700302456
1.343750 0.0883254638 1.6158190901
1.375000 0.0847868622 1.6637287728
1.406250 0.0813621052 1.7138729656
1.437500 0.0780490777 1.7663713351
1.468750 0.0748456125 1.8213499153
1.500000 0.0717494970 1.8789415037
1.531250 0.0687584807 1.9392860838
1.562500 0.0658702810 2.0025312729
1.593750 0.0630825898 2.0688328002
1.625000 0.0603930789 2.1383550146
1.656250 0.0577994058 2.2112714255
1.687500 0.0552992190 2.2877652789
1.718750 0.0528901625 2.3680301695
1.750000 0.0505698808 2.4522706945
1.781250 0.0483360230 2.5407031477
1.812500 0.0461862468 2.6335562606
1.843750 0.0441182225 2.7310719911
1.875000 0.0421296362 2.8335063644
1.906250 0.0402181936 2.9411303686
1.937500 0.0383816220 3.0542309102
1.968750 0.0366176743 3.1731118321
2.000000 0.0349241304 3.2980950000
