0.0000000000000000e+00 1.0000000000000000e+00
5.0000000000000003e-02 9.9937509764946852e-01
1.0000000000000001e-01 9.9750156206604013e-01
1.4999999999999999e-01 9.9438290521413997e-01
2.0000000000000001e-01 9.9002497223957642e-01
2.5000000000000000e-01 9.8443592929585266e-01
2.9999999999999999e-01 9.7762624653829611e-01
3.4999999999999998e-01 9.6960867632318737e-01
4.0000000000000002e-01 9.6039822665956343e-01
4.5000000000000001e-01 9.5001212997173567e-01
5.0000000000000000e-01 9.3846980724081297e-01
5.5000000000000004e-01 9.2579282760360637e-01
5.9999999999999998e-01 9.1200486349721077e-01
6.5000000000000002e-01 8.9713164144726565e-01
6.9999999999999996e-01 8.8120088860740531e-01
7.5000000000000000e-01 8.6424227516664853e-01
8.0000000000000004e-01 8.4628735275048017e-01
8.4999999999999998e-01 8.2736948895007711e-01
9.0000000000000002e-01 8.0752379812254493e-01
9.4999999999999996e-01 7.8678706861310987e-01
1.0000000000000000e+00 7.6519768655796661e-01
1.0500000000000000e+00 7.4279555643385997e-01
1.1000000000000001e+00 7.1962201852751106e-01
1.1499999999999999e+00 6.9571976350461329e-01
1.2000000000000000e+00 6.7113274426436265e-01
1.2500000000000000e+00 6.4590608527128535e-01
1.3000000000000000e+00 6.2008598956150918e-01
1.3500000000000001e+00 5.9371964362556573e-01
1.3999999999999999e+00 5.6685512037428887e-01
1.4500000000000000e+00 5.3954128039839844e-01
1.5000000000000000e+00 5.1182767173591814e-01
1.5500000000000000e+00 4.8376442836463107e-01
1.6000000000000001e+00 4.5540216763938068e-01
1.6499999999999999e+00 4.2679188689610592e-01
1.7000000000000000e+00 3.9798485944610962e-01
1.7500000000000000e+00 3.6903253018515075e-01
1.8000000000000000e+00 3.3998641104255833e-01
1.8500000000000001e+00 3.1089797649565548e-01
1.8999999999999999e+00 2.8181855937438544e-01
1.9500000000000000e+00 2.5279924718012065e-01
2.0000000000000000e+00 2.2389077914123562e-01
2.0499999999999998e+00 1.9514344422612953e-01
2.1000000000000001e+00 1.6660698033199020e-01
2.1499999999999999e+00 1.3833047486473152e-01
2.2000000000000002e+00 1.1036226692217398e-01
2.2500000000000000e+00 8.2749851288734022e-02
2.2999999999999998e+00 5.5539784445601974e-02
2.3500000000000001e+00 2.8777592795661951e-02
2.3999999999999999e+00 2.5076832972439219e-03
2.4500000000000002e+00 -2.3226743304798916e-02
2.5000000000000000e+00 -4.8383776468197921e-02
2.5499999999999998e+00 -7.2922876886487714e-02
2.6000000000000001e+00 -9.6804954397038373e-02
2.6499999999999999e+00 -1.1999244260178046e-01
2.7000000000000002e+00 -1.4244937004601191e-01
2.7500000000000000e+00 -1.6414142780851357e-01
2.7999999999999998e+00 -1.8503603336438740e-01
2.8500000000000001e+00 -2.0510239059047380e-01
2.8999999999999999e+00 -2.2431154579196802e-01
2.9500000000000002e+00 -2.4263643963784307e-01
3.0000000000000000e+00 -2.6005195490193339e-01
3.0499999999999998e+00 -2.7653495991599436e-01
3.1000000000000001e+00 -2.9206434765069766e-01
3.1499999999999999e+00 -3.0662107035035213e-01
3.2000000000000002e+00 -3.2018816965712293e-01
3.2500000000000000e+00 -3.3275080217061143e-01
3.2999999999999998e+00 -3.4429626039888467e-01
3.3500000000000001e+00 -3.5481398906732131e-01
3.3999999999999999e+00 -3.6429559676200041e-01
3.4500000000000002e+00 -3.7273486289473662e-01
3.5000000000000000e+00 -3.8012773998726335e-01
3.5499999999999998e+00 -3.8647235128245233e-01
3.6000000000000001e+00 -3.9176898370079771e-01
3.6499999999999999e+00 -3.9602007617068835e-01
3.7000000000000002e+00 -3.9923020337119114e-01
3.7500000000000000e+00 -4.0140605493617426e-01
3.7999999999999998e+00 -4.0255641017856419e-01
3.8500000000000001e+00 -4.0269210840335523e-01
3.8999999999999999e+00 -4.0182601488763997e-01
3.9500000000000002e+00 -3.9997298261537528e-01
4.0000000000000000e+00 -3.9714980986384746e-01
4.0499999999999998e+00 -3.9337519374778795e-01
4.0999999999999996e+00 -3.8866967983585377e-01
4.1500000000000004e+00 -3.8305560796263799e-01
4.2000000000000002e+00 -3.7655705436756759e-01
4.2500000000000000e+00 -3.6919977029989531e-01
4.2999999999999998e+00 -3.6101111723653512e-01
4.3499999999999996e+00 -3.5201999886666957e-01
4.4000000000000004e+00 -3.4225679000388548e-01
4.4500000000000002e+00 -3.3175326259304216e-01
4.5000000000000000e+00 -3.2054250898512138e-01
4.5499999999999998e+00 -3.0865886265898085e-01
4.5999999999999996e+00 -2.9613781657414129e-01
4.6500000000000004e+00 -2.8301593934356600e-01
4.7000000000000002e+00 -2.6933078941975286e-01
4.7500000000000000e+00 -2.5512082749137399e-01
4.7999999999999998e+00 -2.4042532729118343e-01
4.8499999999999996e+00 -2.2528428501890105e-01
4.9000000000000004e+00 -2.0973832758532618e-01
4.9500000000000002e+00 -1.9382861988600386e-01
5.0000000000000000e+00 -1.7759677131433835e-01
5.0499999999999998e+00 -1.6108474172517764e-01
5.0999999999999996e+00 -1.4433474706050076e-01
5.1500000000000004e+00 -1.2738916484899665e-01
5.2000000000000002e+00 -1.1029043979098639e-01
5.2500000000000000e+00 -9.3080989639317824e-02
5.2999999999999998e+00 -7.5803111585584296e-02
5.3499999999999996e+00 -5.8498889359244029e-02
5.4000000000000004e+00 -4.1210101244991276e-02
5.4500000000000002e+00 -2.3978129221038917e-02
5.5000000000000000e+00 -6.8438694178191931e-03
5.5499999999999998e+00 1.0152355906974156e-02
5.5999999999999996e+00 2.6970884685114500e-02
5.6500000000000004e+00 4.3572799458907581e-02
5.7000000000000002e+00 5.9920009724037486e-02
5.7500000000000000e+00 7.5975332016901154e-02
5.7999999999999998e+00 9.1702567574816138e-02
5.8499999999999996e+00 1.0706657740352485e-01
5.9000000000000004e+00 1.2203335459282275e-01
5.9500000000000002e+00 1.3657009372789083e-01
6.0000000000000000e+00 1.5064525725099698e-01
6.0499999999999998e+00 1.6422863863561948e-01
6.0999999999999996e+00 1.7729142224274341e-01
6.1500000000000004e+00 1.8980623973704483e-01
6.2000000000000002e+00 2.0174722294890418e-01
6.2500000000000000e+00 2.1309005307666073e-01
6.2999999999999998e+00 2.2381200613219115e-01
6.3499999999999996e+00 2.3389199454179360e-01
6.4000000000000004e+00 2.4331060482340658e-01
6.4500000000000002e+00 2.5205013127040921e-01
6.5000000000000000e+00 2.6009460558160635e-01
6.5499999999999998e+00 2.6742982238645435e-01
6.5999999999999996e+00 2.7404336062414625e-01
6.6500000000000004e+00 2.7992460074478848e-01
6.7000000000000002e+00 2.8506473771057594e-01
6.7500000000000000e+00 2.8945678978455663e-01
6.7999999999999998e+00 2.9309560310427263e-01
6.8499999999999996e+00 2.9597785204723592e-01
6.9000000000000004e+00 2.9810203540482000e-01
6.9500000000000002e+00 2.9946846839071367e-01
7.0000000000000000e+00 3.0007927051955563e-01
7.0499999999999998e+00 2.9993834940073144e-01
7.0999999999999996e+00 2.9905138050155017e-01
7.1500000000000004e+00 2.9742578294309469e-01
7.2000000000000002e+00 2.9507069140095793e-01
7.2500000000000000e+00 2.9199692419177892e-01
7.2999999999999998e+00 2.8821694763501443e-01
7.3499999999999996e+00 2.8374483678763557e-01
7.4000000000000004e+00 2.7859623265747752e-01
7.4500000000000002e+00 2.7278829600871052e-01
7.5000000000000000e+00 2.6633965788037844e-01
7.5499999999999998e+00 2.5927036694611227e-01
7.5999999999999996e+00 2.5160183384997625e-01
7.6500000000000004e+00 2.4335677265991831e-01
7.7000000000000002e+00 2.3455913958646432e-01
7.7500000000000000e+00 2.2523406912010668e-01
7.7999999999999998e+00 2.1540780774626322e-01
7.8499999999999996e+00 2.0510764540173923e-01
7.9000000000000004e+00 1.9436184484127808e-01
7.9500000000000002e+00 1.8319956908702237e-01
8.0000000000000000e+00 1.7165080713755390e-01
8.0500000000000007e+00 1.5974629811658908e-01
8.0999999999999996e+00 1.4751745404437772e-01
8.1500000000000004e+00 1.3499628141740846e-01
8.1999999999999993e+00 1.2221530178413778e-01
8.2500000000000000e+00 1.0920747150610147e-01
8.3000000000000007e+00 9.6006100895010230e-02
8.3499999999999996e+00 8.2644772917181183e-02
8.4000000000000004e+00 6.9157261656985200e-02
8.4499999999999993e+00 5.5577450730871246e-02
8.5000000000000000e+00 4.1939251842934490e-02
8.5500000000000007e+00 2.8276523672003621e-02
8.5999999999999996e+00 1.4622991278741233e-02
8.6500000000000004e+00 1.0121662193733837e-03
8.6999999999999993e+00 -1.2522732449664510e-02
8.7500000000000000e+00 -2.5948856094630070e-02
8.8000000000000007e+00 -3.9233803176542167e-02
8.8499999999999996e+00 -5.2345694497619513e-02
8.9000000000000004e+00 -6.5253246851244368e-02
8.9499999999999993e+00 -7.7925844908977027e-02
9.0000000000000000e+00 -9.0333611182876361e-02
9.0500000000000007e+00 -1.0244747390647226e-01
9.0999999999999996e+00 -1.1423923268319883e-01
9.1500000000000004e+00 -1.2568162175686468e-01
9.1999999999999993e+00 -1.3674837076486343e-01
9.2500000000000000e+00 -1.4741426284123615e-01
9.3000000000000007e+00 -1.5765518994340327e-01
9.3499999999999996e+00 -1.6744820528337731e-01
9.4000000000000004e+00 -1.7677157275150793e-01
9.4499999999999993e+00 -1.8560481322828101e-01
9.5000000000000000e+00 -1.9392874768742246e-01
9.5500000000000007e+00 -2.0172553700144344e-01
9.5999999999999996e+00 -2.0897871836887252e-01
9.6500000000000004e+00 -2.1567323829067039e-01
9.6999999999999993e+00 -2.2179548203172292e-01
9.7500000000000000e+00 -2.2733329951184836e-01
9.8000000000000007e+00 -2.3227602757936744e-01
9.8499999999999996e+00 -2.3661450862901831e-01
9.9000000000000004e+00 -2.4034110553476026e-01
9.9499999999999993e+00 -2.4344971287684322e-01
1.0000000000000000e+01 -2.4593576445134832e-01
1.0050000000000001e+01 -2.4779623705925596e-01
1.0100000000000000e+01 -2.4902965058091003e-01
1.0150000000000000e+01 -2.4963606435052854e-01
1.0199999999999999e+01 -2.4961706985412671e-01
1.0250000000000000e+01 -2.4897577978284954e-01
1.0300000000000001e+01 -2.4771681348224359e-01
1.0350000000000000e+01 -2.4584627884640581e-01
1.0400000000000000e+01 -2.4337175071420708e-01
1.0449999999999999e+01 -2.4030224583290180e-01
1.0500000000000000e+01 -2.3664819446234697e-01
1.0550000000000001e+01 -2.3242140870079142e-01
1.0600000000000000e+01 -2.2763504762069306e-01
1.0650000000000000e+01 -2.2230357931030817e-01
1.0699999999999999e+01 -2.1644273992381755e-01
1.0750000000000000e+01 -2.1006948984951079e-01
1.0800000000000001e+01 -2.0320196711203889e-01
1.0850000000000000e+01 -1.9585943813091775e-01
1.0900000000000000e+01 -1.8806224596334203e-01
1.0949999999999999e+01 -1.7983175616492747e-01
1.1000000000000000e+01 -1.7119030040719616e-01
1.1050000000000001e+01 -1.6216111799551383e-01
1.1100000000000000e+01 -1.5276829543567702e-01
1.1150000000000000e+01 -1.4303670420150619e-01
1.1199999999999999e+01 -1.3299193685957469e-01
1.1250000000000000e+01 -1.2266024171057006e-01
1.1300000000000001e+01 -1.1206845610980709e-01
1.1350000000000000e+01 -1.0124393863198880e-01
1.1400000000000000e+01 -9.0214500247519466e-02
1.1449999999999999e+01 -7.9008334679470646e-02
1.1500000000000000e+01 -6.7653948111665044e-02
1.1550000000000001e+01 -5.6180088419348566e-02
1.1600000000000000e+01 -4.4615674094438555e-02
1.1650000000000000e+01 -3.2989723037522574e-02
1.1699999999999999e+01 -2.1331281388499452e-02
1.1750000000000000e+01 -9.6693525670747110e-03
1.1800000000000001e+01 1.9671733067398250e-03
1.1850000000000000e+01 1.3549589443468783e-02
1.1900000000000000e+01 2.5049441699589774e-02
1.1949999999999999e+01 3.6438597013018131e-02
1.2000000000000000e+01 4.7689310796833487e-02
1.2050000000000001e+01 5.8774293132441931e-02
1.2100000000000000e+01 6.9666773606807231e-02
1.2150000000000000e+01 8.0340564642131435e-02
1.2199999999999999e+01 9.0770123170504660e-02
1.2250000000000000e+01 1.0093061051051537e-01
1.2300000000000001e+01 1.1079795030758546e-01
1.2350000000000000e+01 1.2034888440494018e-01
1.2400000000000000e+01 1.2956102651750234e-01
1.2449999999999999e+01 1.3841291358673483e-01
1.2500000000000000e+01 1.4688405470042110e-01
1.2550000000000001e+01 1.5495497746761905e-01
1.2600000000000000e+01 1.6260727174551079e-01
1.2650000000000000e+01 1.6982363062158232e-01
1.2699999999999999e+01 1.7658788856149904e-01
1.2750000000000000e+01 1.8288505664015522e-01
1.2800000000000001e+01 1.8870135478068334e-01
1.2850000000000000e+01 1.9402424093365775e-01
1.2900000000000000e+01 1.9884243713633085e-01
1.2949999999999999e+01 2.0314595239945496e-01
1.3000000000000000e+01 2.0692610237706774e-01
1.3050000000000001e+01 2.1017552578252904e-01
1.3100000000000000e+01 2.1288819752206031e-01
1.3150000000000000e+01 2.1505943852506854e-01
1.3199999999999999e+01 2.1668592225856406e-01
1.3250000000000000e+01 2.1776567792104895e-01
1.3300000000000001e+01 2.1829809031927710e-01
1.3350000000000000e+01 2.1828389643930290e-01
1.3400000000000000e+01 2.1772517873118399e-01
1.3449999999999999e+01 2.1662535513459513e-01
1.3500000000000000e+01 2.1498916588040082e-01
1.3550000000000001e+01 2.1282265711092882e-01
1.3600000000000000e+01 2.1013316136924842e-01
1.3650000000000000e+01 2.0692927501517822e-01
1.3699999999999999e+01 2.0322083263300714e-01
1.3750000000000000e+01 1.9901887850299843e-01
1.3800000000000001e+01 1.9433563521562863e-01
1.3850000000000000e+01 1.8918446951419385e-01
1.3900000000000000e+01 1.8357985545786962e-01
1.3949999999999999e+01 1.7753733500351318e-01
1.4000000000000000e+01 1.7107347611045856e-01
1.4050000000000001e+01 1.6420582847824416e-01
1.4100000000000000e+01 1.5695287703260136e-01
1.4150000000000000e+01 1.4933399328016037e-01
1.4199999999999999e+01 1.4136938465712873e-01
1.4250000000000000e+01 1.3308004200167356e-01
1.4300000000000001e+01 1.2448768528391894e-01
1.4350000000000000e+01 1.1561470773127956e-01
1.4400000000000000e+01 1.0648411849034178e-01
1.4449999999999999e+01 9.7119483969631465e-02
1.4500000000000000e+01 8.7544868010376239e-02
1.4550000000000001e+01 7.7784771034781985e-02
1.4600000000000000e+01 6.7864068323378907e-02
1.4650000000000000e+01 5.7807947574659124e-02
1.4699999999999999e+01 4.7641845901521977e-02
1.4750000000000000e+01 3.7391386419949532e-02
1.4800000000000001e+01 2.7082314585871639e-02
1.4850000000000000e+01 1.6740434436334824e-02
1.4900000000000000e+01 6.3915448908528948e-03
1.4949999999999999e+01 -3.9386237317596186e-03
1.5000000000000000e+01 -1.4224472826780745e-02
1.5050000000000001e+01 -2.4440598094235207e-02
1.5100000000000000e+01 -3.4561851455564702e-02
1.5150000000000000e+01 -4.4563402147165317e-02
1.5199999999999999e+01 -5.4420796844039263e-02
1.5250000000000000e+01 -6.4110018669648050e-02
1.5300000000000001e+01 -7.3607544951122830e-02
1.5350000000000000e+01 -8.2890403582488170e-02
1.5400000000000000e+01 -9.1936227862320932e-02
1.5449999999999999e+01 -1.0072330967636753e-01
1.5500000000000000e+01 -1.0923065090005028e-01
1.5550000000000001e+01 -1.1743801290046448e-01
1.5600000000000000e+01 -1.2532596402248039e-01
1.5650000000000000e+01 -1.3287592494876493e-01
1.5699999999999999e+01 -1.4007021182904855e-01
1.5750000000000000e+01 -1.4689207707971130e-01
1.5800000000000001e+01 -1.5332574776068647e-01
1.5850000000000000e+01 -1.5935646144288268e-01
1.5900000000000000e+01 -1.6497049948567055e-01
1.5949999999999999e+01 -1.7015521765052541e-01
1.6000000000000000e+01 -1.7489907398362917e-01
1.6050000000000001e+01 -1.7919165390707500e-01
1.6100000000000001e+01 -1.8302369246531056e-01
1.6149999999999999e+01 -1.8638709368053258e-01
1.6199999999999999e+01 -1.8927494697794450e-01
1.6250000000000000e+01 -1.9168154064903567e-01
1.6300000000000001e+01 -1.9360237232837715e-01
1.6350000000000001e+01 -1.9503415646677427e-01
1.6399999999999999e+01 -1.9597482879100736e-01
1.6449999999999999e+01 -1.9642354774777970e-01
1.6500000000000000e+01 -1.9638069293686103e-01
1.6550000000000001e+01 -1.9584786054576150e-01
1.6600000000000001e+01 -1.9482785580556569e-01
1.6649999999999999e+01 -1.9332468249477996e-01
1.6699999999999999e+01 -1.9134352952518910e-01
1.6750000000000000e+01 -1.8889075465076763e-01
1.6800000000000001e+01 -1.8597386534760102e-01
1.6850000000000001e+01 -1.8260149691957475e-01
1.6899999999999999e+01 -1.7878338789121914e-01
1.6949999999999999e+01 -1.7453035275556733e-01
1.7000000000000000e+01 -1.6985425215118349e-01
1.7050000000000001e+01 -1.6476796054859635e-01
1.7100000000000001e+01 -1.5928533153226537e-01
1.7149999999999999e+01 -1.5342116076985746e-01
1.7199999999999999e+01 -1.4719114676602985e-01
1.7250000000000000e+01 -1.4061184950308594e-01
1.7300000000000001e+01 -1.3370064707576432e-01
1.7350000000000001e+01 -1.2647569043206502e-01
1.7399999999999999e+01 -1.1895585633634842e-01
1.7449999999999999e+01 -1.1116069867499737e-01
1.7500000000000000e+01 -1.0311039822868585e-01
1.7550000000000001e+01 -9.4825711038715732e-02
1.7600000000000001e+01 -8.6327915498007946e-02
1.7649999999999999e+01 -7.7638758300124705e-02
1.7699999999999999e+01 -6.8780399382134053e-02
1.7750000000000000e+01 -5.9775355999275262e-02
1.7800000000000001e+01 -5.0646446071116624e-02
1.7850000000000001e+01 -4.1416730940368018e-02
1.7899999999999999e+01 -3.2109457686555119e-02
1.7949999999999999e+01 -2.2748001137505927e-02
1.8000000000000000e+01 -1.3355805721983867e-02
1.8050000000000001e+01 -3.9563273068110609e-03
1.8100000000000001e+01 5.4270248384927526e-03
1.8149999999999999e+01 1.4770945807190112e-02
1.8199999999999999e+01 2.4052292409607757e-02
1.8250000000000000e+01 3.3248139976238288e-02
1.8300000000000001e+01 4.2335838471405027e-02
1.8350000000000001e+01 5.1293067781260158e-02
1.8399999999999999e+01 6.0097892042246685e-02
1.8449999999999999e+01 6.8728812878865994e-02
1.8500000000000000e+01 7.7164821422554444e-02
1.8550000000000001e+01 8.5385448986834936e-02
1.8600000000000001e+01 9.3370816277461827e-02
1.8649999999999999e+01 1.0110168102021708e-01
1.8699999999999999e+01 1.0855948389316139e-01
1.8750000000000000e+01 1.1572639265459204e-01
1.8800000000000001e+01 1.2258534436266721e-01
1.8850000000000001e+01 1.2912008558757632e-01
1.8899999999999999e+01 1.3531521052232462e-01
1.8949999999999999e+01 1.4115619690358464e-01
1.9000000000000000e+01 1.4662943965965125e-01
1.9050000000000001e+01 1.5172228220833961e-01
1.9100000000000001e+01 1.5642304533360832e-01
1.9149999999999999e+01 1.6072105357581615e-01
1.9199999999999999e+01 1.6460665907679267e-01
1.9250000000000000e+01 1.6807126282728130e-01
1.9300000000000001e+01 1.7110733327084396e-01
1.9350000000000001e+01 1.7370842222490193e-01
1.9399999999999999e+01 1.7586917808629152e-01
1.9449999999999999e+01 1.7758535629545225e-01
1.9500000000000000e+01 1.7885382704017294e-01
1.9550000000000001e+01 1.7967258018665014e-01
1.9600000000000001e+01 1.8004072743245716e-01
1.9649999999999999e+01 1.7995850168286601e-01
1.9699999999999999e+01 1.7942725365878742e-01
1.9750000000000000e+01 1.7844944575138383e-01
1.9800000000000001e+01 1.7702864314514288e-01
1.9850000000000001e+01 1.7516950223786715e-01
1.9899999999999999e+01 1.7287775639261846e-01
1.9949999999999999e+01 1.7016019906313157e-01
2.0000000000000000e+01 1.6702466434058322e-01
