1.0000000000000001e-01 -1.2764478324269017e+02
1.4987500000000001e-01 -5.7006095163927711e+01
1.9974900000000001e-01 -3.2237175372033136e+01
2.4962400000000001e-01 -2.0762660012240765e+01
2.9949900000000002e-01 -1.4527427317956166e+01
3.4937299999999999e-01 -1.0767813447507931e+01
3.9924799999999999e-01 -8.3282827749184811e+00
4.4912299999999999e-01 -6.6566155479756821e+00
4.9899700000000002e-01 -5.4617873665580916e+00
5.4887200000000003e-01 -4.5785558919896348e+00
5.9874700000000003e-01 -3.9075206110840339e+00
6.4862200000000003e-01 -3.3859256361625865e+00
6.9849600000000001e-01 -2.9725801514411336e+00
7.4837100000000001e-01 -2.6395113944800768e+00
7.9824600000000001e-01 -2.3672133633434456e+00
8.4811999999999999e-01 -2.1417303910781027e+00
8.9799499999999999e-01 -1.9528522718574242e+00
9.4786999999999999e-01 -1.7929876116685599e+00
9.9774399999999996e-01 -1.6563871446560778e+00
1.0476190000000001e+00 -1.5386248205827586e+00
1.0974940000000000e+00 -1.4362601621818092e+00
1.1473679999999999e+00 -1.3465799557271936e+00
1.1972430000000001e+00 -1.2674165231894849e+00
1.2471179999999999e+00 -1.1970294258611900e+00
1.2969919999999999e+00 -1.1340042871175555e+00
1.3468670000000000e+00 -1.0771789661228421e+00
1.3967419999999999e+00 -1.0255976465966126e+00
1.4466170000000000e+00 -9.7846487591827869e-01
1.4964910000000000e+00 -9.3511629499444215e-01
1.5463659999999999e+00 -8.9499077720720244e-01
1.5962410000000000e+00 -8.5761642703020835e-01
1.6461150000000000e+00 -8.2259252840544217e-01
1.6959900000000001e+00 -7.8957557048814897e-01
1.7458650000000000e+00 -7.5827371640281094e-01
1.7957390000000000e+00 -7.2843666705846100e-01
1.8456140000000001e+00 -6.9984761192556355e-01
1.8954890000000000e+00 -6.7232156060727688e-01
1.9453630000000000e+00 -6.4569912392790352e-01
1.9952380000000001e+00 -6.1984142230709516e-01
2.0451130000000002e+00 -5.9463029507043219e-01
2.0949870000000002e+00 -5.6996413562798576e-01
2.1448619999999998e+00 -5.4575435682675288e-01
2.1947369999999999e+00 -5.2192656954437411e-01
2.2446120000000001e+00 -4.9841707572614502e-01
2.2944860000000000e+00 -4.7517253182248409e-01
2.3443610000000001e+00 -4.5214697242168106e-01
2.3942359999999998e+00 -4.2930363992124915e-01
2.4441099999999998e+00 -4.0661273150836691e-01
2.4939849999999999e+00 -3.8404931936151965e-01
2.5438600000000000e+00 -3.6159543801174904e-01
2.5937340000000000e+00 -3.3923814362088295e-01
2.6436090000000001e+00 -3.1696767764162459e-01
2.6934840000000002e+00 -2.9477970933102599e-01
2.7433580000000002e+00 -2.7267358312182782e-01
2.7932329999999999e+00 -2.5065063602765614e-01
2.8431080000000000e+00 -2.2871653091979133e-01
2.8929819999999999e+00 -2.0687962192459747e-01
2.9428570000000001e+00 -1.8514937758239597e-01
2.9927320000000002e+00 -1.6353875880797303e-01
3.0426069999999998e+00 -1.4206223509949772e-01
3.0924809999999998e+00 -1.2073643577148473e-01
3.1423559999999999e+00 -9.9578243565406996e-02
3.1922310000000000e+00 -7.8607174673257313e-02
3.2421050000000000e+00 -5.7843904365111755e-02
3.2919800000000001e+00 -3.7308870406177995e-02
3.3418549999999998e+00 -1.7024616086056564e-02
3.3917290000000002e+00 2.9856287150085295e-03
3.4416039999999999e+00 2.2699268493537893e-02
3.4914790000000000e+00 4.2092067355306836e-02
3.5413530000000000e+00 6.1139508661036970e-02
3.5912280000000001e+00 7.9818033117085560e-02
3.6411030000000002e+00 9.8102862544037134e-02
3.6909770000000002e+00 1.1596929206839994e-01
3.7408519999999998e+00 1.3339383546926797e-01
3.7907270000000000e+00 1.5035217668733286e-01
3.8406020000000001e+00 1.6682070895281390e-01
3.8904760000000000e+00 1.8277595068398364e-01
3.9403510000000002e+00 1.9819590380871402e-01
3.9902259999999998e+00 2.1305821847379089e-01
4.0400999999999998e+00 2.2734128395597000e-01
4.0899749999999999e+00 2.4102511447205374e-01
4.1398500000000000e+00 2.5408970332688063e-01
4.1897240000000000e+00 2.6651600710054024e-01
4.2395990000000001e+00 2.7828670258904314e-01
4.2894740000000002e+00 2.8938475281263448e-01
4.3393480000000002e+00 2.9979427274369136e-01
4.3892230000000003e+00 3.0950114852758892e-01
4.4390980000000004e+00 3.1849183460166763e-01
4.4889720000000004e+00 3.2675409039305131e-01
4.5388469999999996e+00 3.3427745477726423e-01
4.5887219999999997e+00 3.4105228992156272e-01
4.6385959999999997e+00 3.4707037999281004e-01
4.6884709999999998e+00 3.5232525593886083e-01
4.7383459999999999e+00 3.5681149764081194e-01
4.7882210000000001e+00 3.6052525433474797e-01
4.8380950000000000e+00 3.6346408366487964e-01
4.8879700000000001e+00 3.6562718638136704e-01
4.9378450000000003e+00 3.6701506339890483e-01
4.9877190000000002e+00 3.6762976922045570e-01
5.0375940000000003e+00 3.6747488187475635e-01
5.0874689999999996e+00 3.6655542809986214e-01
5.1373430000000004e+00 3.6487798448647302e-01
5.1872179999999997e+00 3.6245049908966714e-01
5.2370929999999998e+00 3.5928248121510603e-01
5.2869669999999998e+00 3.5538495138018172e-01
5.3368419999999999e+00 3.5077012057877832e-01
5.3867170000000000e+00 3.4545183649375916e-01
5.4365910000000000e+00 3.3944538598939711e-01
5.4864660000000001e+00 3.3276704050584582e-01
5.5363410000000002e+00 3.2543474599044159e-01
5.5862160000000003e+00 3.1746761824645531e-01
5.6360900000000003e+00 3.0888619515271670e-01
5.6859650000000004e+00 2.9971169357554267e-01
5.7358399999999996e+00 2.8996699708432344e-01
5.7857139999999996e+00 2.7967614312266487e-01
5.8355889999999997e+00 2.6886360188522446e-01
5.8854639999999998e+00 2.5755546188919876e-01
5.9353379999999998e+00 2.4577880008536690e-01
5.9852129999999999e+00 2.3356087097915565e-01
6.0350880000000000e+00 2.2093046434075359e-01
6.0849620000000000e+00 2.0791717218083447e-01
6.1348370000000001e+00 1.9455050515515485e-01
6.1847120000000002e+00 1.8086139373990537e-01
6.2345860000000002e+00 1.6688136779159676e-01
6.2844610000000003e+00 1.5264161847921823e-01
6.3343360000000004e+00 1.3817461185276295e-01
6.3842109999999996e+00 1.2351290249618806e-01
6.4340849999999996e+00 1.0868963858865514e-01
6.4839599999999997e+00 9.3737297983902720e-02
6.5338349999999998e+00 7.8689400297607584e-02
6.5837089999999998e+00 6.3579551374081611e-02
6.6335839999999999e+00 4.8440453127030554e-02
6.6834590000000000e+00 3.3305649666930531e-02
6.7333330000000000e+00 1.8208545591800712e-02
6.7832080000000001e+00 3.1814261737079970e-03
6.8330830000000002e+00 -1.1742796977574077e-02
6.8829570000000002e+00 -2.6531574163064165e-02
6.9328320000000003e+00 -4.1153667887446482e-02
6.9827070000000004e+00 -5.5577441744276798e-02
7.0325810000000004e+00 -6.9771835661491921e-02
7.0824559999999996e+00 -8.3707268298393339e-02
7.1323309999999998e+00 -9.7353993481000586e-02
7.1822059999999999e+00 -1.1068330726498214e-01
7.2320799999999998e+00 -1.2366706579631410e-01
7.2819550000000000e+00 -1.3627877941876640e-01
7.3318300000000001e+00 -1.4849210744167149e-01
7.3817040000000000e+00 -1.6028173042933350e-01
7.4315790000000002e+00 -1.7162407650629891e-01
7.4814540000000003e+00 -1.8249595293078671e-01
7.5313280000000002e+00 -1.9287534575406445e-01
7.5812030000000004e+00 -2.0274204715572075e-01
7.6310779999999996e+00 -2.1207644880940321e-01
7.6809519999999996e+00 -2.2086025402035489e-01
7.7308269999999997e+00 -2.2907699495413200e-01
7.7807019999999998e+00 -2.3671100925292912e-01
7.8305759999999998e+00 -2.4374805168233776e-01
7.8804509999999999e+00 -2.5017569245994964e-01
7.9303260000000000e+00 -2.5598249465437584e-01
7.9802010000000001e+00 -2.6115861194019308e-01
8.0300750000000001e+00 -2.6569557472924188e-01
8.0799500000000002e+00 -2.6958665564998330e-01
8.1298250000000003e+00 -2.7282633456259187e-01
8.1796989999999994e+00 -2.7541063783198960e-01
8.2295739999999995e+00 -2.7733723926073917e-01
8.2794489999999996e+00 -2.7860514991646673e-01
8.3293230000000005e+00 -2.7921493036083544e-01
8.3791980000000006e+00 -2.7916866191931178e-01
8.4290730000000007e+00 -2.7846986398485468e-01
8.4789469999999998e+00 -2.7712357677986582e-01
8.5288219999999999e+00 -2.7513620546168316e-01
8.5786970000000000e+00 -2.7251566292630469e-01
8.6285710000000009e+00 -2.6927132333984055e-01
8.6784459999999992e+00 -2.6541374414477320e-01
8.7283209999999993e+00 -2.6095502783243518e-01
8.7781950000000002e+00 -2.5590864911090316e-01
8.8280700000000003e+00 -2.5028906231602494e-01
8.8779450000000004e+00 -2.4411227124389157e-01
8.9278200000000005e+00 -2.3739539540157820e-01
8.9776939999999996e+00 -2.3015687243032015e-01
9.0275689999999997e+00 -2.2241582129588899e-01
9.0774439999999998e+00 -2.1419286550767172e-01
9.1273180000000007e+00 -2.0550969064011612e-01
9.1771930000000008e+00 -1.9638842582604873e-01
9.2270679999999992e+00 -1.8685263420465811e-01
9.2769420000000000e+00 -1.7692677118953468e-01
9.3268170000000001e+00 -1.6663549140034395e-01
9.3766920000000002e+00 -1.5600478320670241e-01
9.4265659999999993e+00 -1.4506134041284693e-01
9.4764409999999994e+00 -1.3383181011841042e-01
9.5263159999999996e+00 -1.2234404554779915e-01
9.5761900000000004e+00 -1.1062640545968867e-01
9.6260650000000005e+00 -9.8706959470648989e-02
9.6759400000000007e+00 -8.6614831240927573e-02
9.7258150000000008e+00 -7.4379194675602001e-02
9.7756889999999999e+00 -6.2029686778435254e-02
9.8255640000000000e+00 -4.9595346058374921e-02
9.8754390000000001e+00 -3.7106030206424459e-02
9.9253129999999992e+00 -2.4591609329758315e-02
9.9751879999999993e+00 -1.2081139518184708e-02
1.0025062999999999e+01 3.9569912339173548e-04
1.0074937000000000e+01 1.2809426156864626e-02
1.0124812000000000e+01 2.5131571730427085e-02
1.0174687000000000e+01 3.7333248739593247e-02
1.0224561000000000e+01 4.9385975879255632e-02
1.0274436000000000e+01 6.1262456157364649e-02
1.0324311000000000e+01 7.2935189209124909e-02
1.0374185000000001e+01 8.4377276389411809e-02
1.0424060000000001e+01 9.5563150859937246e-02
1.0473935000000001e+01 1.0646725880981656e-01
1.0523809999999999e+01 1.1706503908932094e-01
1.0573684000000000e+01 1.2733254376803904e-01
1.0623559000000000e+01 1.3724730777995259e-01
1.0673434000000000e+01 1.4678716356783381e-01
1.0723307999999999e+01 1.5593094074729616e-01
1.0773183000000000e+01 1.6465902817616673e-01
1.0823058000000000e+01 1.7295231668919483e-01
1.0872932000000000e+01 1.8079282907951300e-01
1.0922807000000001e+01 1.8816419059912409e-01
1.0972682000000001e+01 1.9505072053700348e-01
1.1022556000000000e+01 2.0143798002859034e-01
1.1072431000000000e+01 2.0731314211135604e-01
1.1122306000000000e+01 2.1266424951690246e-01
1.1172180000000001e+01 2.1748066969022431e-01
1.1222054999999999e+01 2.2175335774311503e-01
1.1271929999999999e+01 2.2547429411852016e-01
1.1321804999999999e+01 2.2863689605342194e-01
1.1371679000000000e+01 2.3123588023003772e-01
1.1421554000000000e+01 2.3326746777003027e-01
1.1471429000000001e+01 2.3472907610286839e-01
1.1521303000000000e+01 2.3561952813562592e-01
1.1571178000000000e+01 2.3593905266496853e-01
1.1621053000000000e+01 2.3568917231094286e-01
1.1670927000000001e+01 2.3487280030182447e-01
1.1720802000000001e+01 2.3349412876549971e-01
1.1770676999999999e+01 2.3155871269779529e-01
1.1820551000000000e+01 2.2907345361803760e-01
1.1870426000000000e+01 2.2604637942026326e-01
1.1920301000000000e+01 2.2248692018216346e-01
1.1970174999999999e+01 2.1840578035650979e-01
1.2020049999999999e+01 2.1381461612959216e-01
1.2069925000000000e+01 2.0872649484435440e-01
1.2119799000000000e+01 2.0315565974415961e-01
1.2169674000000001e+01 1.9711711290541761e-01
1.2219549000000001e+01 1.9062724623051383e-01
1.2269424000000001e+01 1.8370336194918541e-01
1.2319298000000000e+01 1.7636388639661160e-01
1.2369173000000000e+01 1.6862772645554050e-01
1.2419048000000000e+01 1.6051510453294213e-01
1.2468921999999999e+01 1.5204710052326972e-01
1.2518796999999999e+01 1.4324505618308447e-01
1.2568671999999999e+01 1.3413154050783743e-01
1.2618546000000000e+01 1.2472981289747914e-01
1.2668421000000000e+01 1.1506317256661006e-01
1.2718296000000000e+01 1.0515603205787770e-01
1.2768170000000000e+01 9.5033314005598252e-02
1.2818045000000000e+01 8.4719760161522342e-02
1.2867920000000000e+01 7.4241088705697497e-02
1.2917794000000001e+01 6.3623338296987367e-02
1.2967669000000001e+01 5.2892152012738280e-02
1.3017543999999999e+01 4.2073992581010855e-02
1.3067418999999999e+01 3.1195229845046805e-02
1.3117293000000000e+01 2.0282508058023018e-02
1.3167168000000000e+01 9.3618066751110542e-03
1.3217043000000000e+01 -1.5403090306869874e-03
1.3266916999999999e+01 -1.2397408726001678e-02
1.3316792000000000e+01 -2.3183910587371691e-02
1.3366667000000000e+01 -3.3873835907442057e-02
1.3416541000000000e+01 -4.4441531618115912e-02
1.3466416000000001e+01 -5.4862357066300424e-02
1.3516291000000001e+01 -6.5111470683579434e-02
1.3566165000000000e+01 -7.5164538675099771e-02
1.3616040000000000e+01 -8.4998380453217920e-02
1.3665915000000000e+01 -9.4589813249844334e-02
1.3715788999999999e+01 -1.0391633182012740e-01
1.3765663999999999e+01 -1.1295669901479707e-01
1.3815538999999999e+01 -1.2168987270697522e-01
1.3865413999999999e+01 -1.3009580725878839e-01
1.3915288000000000e+01 -1.3815515137332010e-01
1.3965163000000000e+01 -1.4584993098966717e-01
1.4015038000000001e+01 -1.5316262032287911e-01
1.4064912000000000e+01 -1.6007669989739864e-01
1.4114787000000000e+01 -1.6657707435214233e-01
1.4164662000000000e+01 -1.7264927403481692e-01
1.4214536000000001e+01 -1.7827994074713033e-01
1.4264411000000001e+01 -1.8345715641771679e-01
1.4314285999999999e+01 -1.8816979121052277e-01
1.4364160000000000e+01 -1.9240790718730666e-01
1.4414035000000000e+01 -1.9616299160268408e-01
1.4463910000000000e+01 -1.9942746416931942e-01
1.4513783999999999e+01 -2.0219499070427543e-01
1.4563658999999999e+01 -2.0446061691595910e-01
1.4613534000000000e+01 -2.0622044390996833e-01
1.4663409000000000e+01 -2.0747186588454125e-01
1.4713283000000001e+01 -2.0821350254913473e-01
1.4763158000000001e+01 -2.0844524806486864e-01
1.4813033000000001e+01 -2.0816817855477965e-01
1.4862907000000000e+01 -2.0738463638130275e-01
1.4912782000000000e+01 -2.0609812800362814e-01
1.4962657000000000e+01 -2.0431340631771841e-01
1.5012530999999999e+01 -2.0203645355903974e-01
1.5062405999999999e+01 -1.9927428171516434e-01
1.5112280999999999e+01 -1.9603518619360361e-01
1.5162155000000000e+01 -1.9232862868087261e-01
1.5212030000000000e+01 -1.8816494535559233e-01
1.5261905000000000e+01 -1.8355576470462737e-01
1.5311779000000000e+01 -1.7851379382175731e-01
1.5361654000000000e+01 -1.7305244161599950e-01
1.5411529000000000e+01 -1.6718639010597677e-01
1.5461404000000000e+01 -1.6093116048914971e-01
1.5511278000000001e+01 -1.5430330637473172e-01
1.5561152999999999e+01 -1.4731983254297989e-01
1.5611027999999999e+01 -1.3999894874307889e-01
1.5660902000000000e+01 -1.3235965553500320e-01
1.5710777000000000e+01 -1.2442120672577378e-01
1.5760652000000000e+01 -1.1620397976385939e-01
1.5810525999999999e+01 -1.0772899065891653e-01
1.5860401000000000e+01 -9.9017307006105851e-02
1.5910276000000000e+01 -9.0091014919006618e-02
1.5960150000000001e+01 -8.0972674226268360e-02
1.6010024999999999e+01 -7.1684695306962254e-02
1.6059899999999999e+01 -6.2250380585622753e-02
1.6109774000000002e+01 -5.2693332404241351e-02
1.6159649000000002e+01 -4.3036807564897903e-02
1.6209523999999998e+01 -3.3304809984129352e-02
1.6259398000000001e+01 -2.3521464560101051e-02
1.6309273000000001e+01 -1.3710363685783772e-02
1.6359148000000001e+01 -3.8956867523186629e-03
1.6409023000000001e+01 5.8986420573048119e-03
1.6458897000000000e+01 1.5648620895290961e-02
1.6508772000000000e+01 2.5331008721792357e-02
1.6558647000000001e+01 3.4922208386147208e-02
1.6608521000000000e+01 4.4398917366006777e-02
1.6658396000000000e+01 5.3738744792623923e-02
1.6708271000000000e+01 6.2919124928412729e-02
1.6758144999999999e+01 7.1917954725300548e-02
1.6808019999999999e+01 8.0714172667273085e-02
1.6857894999999999e+01 8.9286726119467849e-02
1.6907768999999998e+01 9.7615181905426021e-02
1.6957643999999998e+01 1.0568025465298808e-01
1.7007518999999998e+01 1.1346285011835050e-01
1.7057393000000001e+01 1.2094463568211607e-01
1.7107268000000001e+01 1.2810850708373264e-01
1.7157143000000001e+01 1.3493772798305317e-01
1.7207018000000001e+01 1.4141657454278436e-01
1.7256892000000001e+01 1.4753009942491396e-01
1.7306767000000001e+01 1.5326464847175236e-01
1.7356642000000001e+01 1.5860715613157272e-01
1.7406516000000000e+01 1.6354557746191059e-01
1.7456391000000000e+01 1.6806917628808585e-01
1.7506266000000000e+01 1.7216795469459920e-01
1.7556139999999999e+01 1.7583300973326324e-01
1.7606014999999999e+01 1.7905673430860850e-01
1.7655889999999999e+01 1.8183239209546345e-01
1.7705763999999999e+01 1.8415439177129037e-01
1.7755638999999999e+01 1.8601839694334552e-01
1.7805513999999999e+01 1.8742105458636926e-01
1.7855388000000001e+01 1.8836018147353065e-01
1.7905263000000001e+01 1.8883478147317689e-01
1.7955138000000002e+01 1.8884493218314261e-01
1.8005013000000002e+01 1.8839186647782830e-01
1.8054887000000001e+01 1.8747796610581260e-01
1.8104762000000001e+01 1.8610667056617555e-01
1.8154637000000001e+01 1.8428257590797473e-01
1.8204511000000000e+01 1.8201140667745030e-01
1.8254386000000000e+01 1.7929982195331612e-01
1.8304261000000000e+01 1.7615566968344298e-01
1.8354134999999999e+01 1.7258786745899085e-01
1.8404010000000000e+01 1.6860612482788789e-01
1.8453885000000000e+01 1.6422134633644866e-01
1.8503758999999999e+01 1.5944542446054860e-01
1.8553633999999999e+01 1.5429088493377030e-01
1.8603508999999999e+01 1.4877142846298605e-01
1.8653383000000002e+01 1.4290164104041070e-01
1.8703258000000002e+01 1.3669657065471522e-01
1.8753132999999998e+01 1.3017239469365133e-01
1.8803007999999998e+01 1.2334591484038807e-01
1.8852882000000001e+01 1.1623477390601980e-01
1.8902757000000001e+01 1.0885683541663117e-01
1.8952632000000001e+01 1.0123099386677413e-01
1.9002506000000000e+01 9.3376722175365287e-02
1.9052381000000000e+01 8.5313528485955220e-02
1.9102256000000001e+01 7.7061852127445707e-02
1.9152130000000000e+01 6.8642557628243617e-02
1.9202005000000000e+01 6.0076359870995653e-02
1.9251880000000000e+01 5.1384785422548318e-02
1.9301753999999999e+01 4.2589624609443578e-02
1.9351628999999999e+01 3.3712337876319644e-02
1.9401503999999999e+01 2.4775060867783267e-02
1.9451377999999998e+01 1.5800026901799727e-02
1.9501252999999998e+01 6.8089676992411294e-03
1.9551127999999999e+01 -2.1758601973103004e-03
1.9601002999999999e+01 -1.1132448808624906e-02
1.9650877000000001e+01 -2.0038734666702095e-02
1.9700752000000001e+01 -2.8873365286978807e-02
1.9750627000000001e+01 -3.7614679617929546e-02
1.9800501000000001e+01 -4.6241304063459901e-02
1.9850376000000001e+01 -5.4732714060234701e-02
1.9900251000000001e+01 -6.3068245804610679e-02
1.9950125000000000e+01 -7.1227678334699590e-02
2.0000000000000000e+01 -7.9191758245635999e-02
