1.0000000000000001e-01 -1.5342386513503667e+00
1.4974999999999999e-01 -1.2718681621607169e+00
1.9950000000000001e-01 -1.0827691804052892e+00
2.4925000000000000e-01 -9.3360388961047258e-01
2.9899999999999999e-01 -8.0957010882988911e-01
3.4875000000000000e-01 -7.0281806261735924e-01
3.9850000000000002e-01 -6.0870021411735786e-01
4.4824999999999998e-01 -5.2424981193535636e-01
4.9800000000000000e-01 -4.4746668773254272e-01
5.4774999999999996e-01 -3.7694547554646679e-01
5.9750000000000003e-01 -3.1166646258861902e-01
6.4724999999999999e-01 -2.5087057657530182e-01
6.9699999999999995e-01 -1.9398092740636744e-01
7.4675000000000002e-01 -1.4055154780470999e-01
7.9649999999999999e-01 -9.0232755659643601e-02
8.4624999999999995e-01 -4.2747066109759688e-02
8.9600000000000002e-01 2.1279803481315356e-03
9.4574999999999998e-01 4.4572327177906310e-02
9.9550000000000005e-01 8.4732689876537370e-02
1.0452500000000000e+00 1.2272956995503645e-01
1.0950000000000000e+00 1.5866263228725888e-01
1.1447499999999999e+00 1.9261488406746105e-01
1.1944999999999999e+00 2.2465596244816971e-01
1.2442500000000001e+00 2.5484474974243354e-01
1.2940000000000000e+00 2.8323147465610699e-01
1.3437500000000000e+00 3.0985941590836885e-01
1.3935000000000000e+00 3.3476629479182130e-01
1.4432499999999999e+00 3.5798542182103132e-01
1.4930000000000001e+00 3.7954664704807972e-01
1.5427500000000001e+00 3.9947715215893687e-01
1.5925000000000000e+00 4.1780211392823385e-01
1.6422500000000000e+00 4.3454526218832923e-01
1.6919999999999999e+00 4.4972935059125874e-01
1.7417499999999999e+00 4.6337655470469075e-01
1.7915000000000001e+00 4.7550880909521659e-01
1.8412500000000001e+00 4.8614809280373406e-01
1.8910000000000000e+00 4.9531667085418946e-01
1.9407500000000000e+00 5.0303729804457165e-01
1.9904999999999999e+00 5.0933339016277290e-01
2.0402499999999999e+00 5.1422916688580245e-01
2.0899999999999999e+00 5.1774976991037069e-01
2.1397499999999998e+00 5.1992135928902894e-01
2.1894999999999998e+00 5.2077119048036391e-01
2.2392500000000002e+00 5.2032767424213022e-01
2.2890000000000001e+00 5.1862042118549689e-01
2.3387500000000001e+00 5.1568027255326132e-01
2.3885000000000001e+00 5.1153931857435841e-01
2.4382500000000000e+00 5.0623090557278760e-01
2.4880000000000000e+00 4.9978963286450817e-01
2.5377500000000000e+00 4.9225134035551127e-01
2.5874999999999999e+00 4.8365308765381337e-01
2.6372499999999999e+00 4.7403312542406201e-01
2.6869999999999998e+00 4.6343085964290898e-01
2.7367499999999998e+00 4.5188680935396486e-01
2.7865000000000002e+00 4.3944255847114688e-01
2.8362500000000002e+00 4.2614070213690958e-01
2.8860000000000001e+00 4.1202478810600796e-01
2.9357500000000001e+00 3.9713925359492885e-01
2.9855000000000000e+00 3.8152935801110949e-01
3.0352500000000000e+00 3.6524111195374642e-01
3.0850000000000000e+00 3.4832120285879964e-01
3.1347499999999999e+00 3.3081691764416760e-01
3.1844999999999999e+00 3.1277606269651442e-01
3.2342499999999998e+00 2.9424688152850864e-01
3.2839999999999998e+00 2.7527797042395302e-01
3.3337500000000002e+00 2.5591819237819108e-01
3.3835000000000002e+00 2.3621658963204656e-01
3.4332500000000001e+00 2.1622229508917284e-01
3.4830000000000001e+00 1.9598444289893011e-01
3.5327500000000001e+00 1.7555207847959756e-01
3.5825000000000000e+00 1.5497406824976775e-01
3.6322500000000000e+00 1.3429900932905336e-01
3.6819999999999999e+00 1.1357513946267662e-01
3.7317499999999999e+00 9.2850247418038018e-02
3.7814999999999999e+00 7.2171584094913241e-02
3.8312499999999998e+00 5.1585774584448851e-02
3.8809999999999998e+00 3.1138731405586696e-02
3.9307500000000002e+00 1.0875569140893864e-02
3.9805000000000001e+00 -9.1594793130045909e-03
4.0302499999999997e+00 -2.8923144672134950e-02
4.0800000000000001e+00 -4.8373201167880533e-02
4.1297499999999996e+00 -6.7468544231838692e-02
4.1795000000000000e+00 -8.6169265776490894e-02
4.2292500000000004e+00 -1.0443672689303193e-01
4.2789999999999999e+00 -1.2223362779562970e-01
4.3287500000000003e+00 -1.3952407484948909e-01
4.3784999999999998e+00 -1.5627364452840894e-01
4.4282500000000002e+00 -1.7244944415604824e-01
4.4779999999999998e+00 -1.8802016929380730e-01
4.5277500000000002e+00 -2.0295615764714045e-01
4.5774999999999997e+00 -2.1722943937115757e-01
4.6272500000000001e+00 -2.3081378366562030e-01
4.6769999999999996e+00 -2.4368474155878997e-01
4.7267500000000000e+00 -2.5581968478910866e-01
4.7765000000000004e+00 -2.6719784070330915e-01
4.8262499999999999e+00 -2.7780032309928637e-01
4.8760000000000003e+00 -2.8761015895187236e-01
4.9257499999999999e+00 -2.9661231096954310e-01
4.9755000000000003e+00 -3.0479369594001726e-01
5.0252499999999998e+00 -3.1214319883267172e-01
5.0750000000000002e+00 -3.1865168263567734e-01
5.1247499999999997e+00 -3.2431199391572424e-01
5.1745000000000001e+00 -3.2911896409815344e-01
5.2242499999999996e+00 -3.3306940647520217e-01
5.2740000000000000e+00 -3.3616210895990645e-01
5.3237500000000004e+00 -3.3839782261293838e-01
5.3734999999999999e+00 -3.3977924597930148e-01
5.4232500000000003e+00 -3.4031100528130542e-01
5.4729999999999999e+00 -3.3999963052361604e-01
5.5227500000000003e+00 -3.3885352757536341e-01
5.5724999999999998e+00 -3.3688294630331167e-01
5.6222500000000002e+00 -3.3409994483889488e-01
5.6719999999999997e+00 -3.3051835007051861e-01
5.7217500000000001e+00 -3.2615371446086439e-01
5.7714999999999996e+00 -3.2102326929702690e-01
5.8212500000000000e+00 -3.1514587448912945e-01
5.8710000000000004e+00 -3.0854196504057985e-01
5.9207500000000000e+00 -3.0123349432035340e-01
5.9705000000000004e+00 -2.9324387427457099e-01
6.0202499999999999e+00 -2.8459791272121471e-01
6.0700000000000003e+00 -2.7532174787801311e-01
6.1197499999999998e+00 -2.6544278027938961e-01
6.1695000000000002e+00 -2.5498960224382428e-01
6.2192499999999997e+00 -2.4399192505807513e-01
6.2690000000000001e+00 -2.3248050404938209e-01
6.3187499999999996e+00 -2.2048706172107219e-01
6.3685000000000000e+00 -2.0804420913083735e-01
6.4182499999999996e+00 -1.9518536569441913e-01
6.4680000000000000e+00 -1.8194467760043878e-01
6.5177500000000004e+00 -1.6835693502470767e-01
6.5674999999999999e+00 -1.5445748833448786e-01
6.6172500000000003e+00 -1.4028216347488531e-01
6.6669999999999998e+00 -1.2586717673081421e-01
6.7167500000000002e+00 -1.1124904905877772e-01
6.7664999999999997e+00 -9.6464520183089097e-02
6.8162500000000001e+00 -8.1550462651059030e-02
6.8659999999999997e+00 -6.6543796041164616e-02
6.9157500000000001e+00 -5.1481401517233370e-02
6.9654999999999996e+00 -3.6400036920277129e-02
7.0152500000000000e+00 -2.1336252587757010e-02
7.0650000000000004e+00 -6.3263080877994718e-03
7.1147499999999999e+00 8.5939099468258992e-03
7.1645000000000003e+00 2.3388968703259506e-02
7.2142499999999998e+00 3.8023968613448061e-02
7.2640000000000002e+00 5.2464621145124492e-02
7.3137499999999998e+00 6.6677324788903078e-02
7.3635000000000002e+00 8.0629239076222922e-02
7.4132499999999997e+00 9.4288356467905496e-02
7.4630000000000001e+00 1.0762357195851084e-01
7.5127499999999996e+00 1.2060475024740533e-01
7.5625000000000000e+00 1.3320279033353563e-01
7.6122500000000004e+00 1.4538968739726915e-01
7.6619999999999999e+00 1.5713859183934772e-01
7.7117500000000003e+00 1.6842386535394810e-01
7.7614999999999998e+00 1.7922113392005551e-01
7.8112500000000002e+00 1.8950733760282962e-01
7.8609999999999998e+00 1.9926077706431367e-01
7.9107500000000002e+00 2.0846115669075105e-01
7.9604999999999997e+00 2.1708962425184555e-01
8.0102499999999992e+00 2.2512880701557217e-01
8.0600000000000005e+00 2.3256284425054385e-01
8.1097500000000000e+00 2.3937741605648816e-01
8.1594999999999995e+00 2.4555976847203634e-01
8.2092500000000008e+00 2.5109873481777156e-01
8.2590000000000003e+00 2.5598475324129499e-01
8.3087499999999999e+00 2.6020988043994020e-01
8.3584999999999994e+00 2.6376780154564738e-01
8.4082500000000007e+00 2.6665383616542693e-01
8.4580000000000002e+00 2.6886494057971888e-01
8.5077499999999997e+00 2.7039970610982478e-01
8.5574999999999992e+00 2.7125835367438428e-01
8.6072500000000005e+00 2.7144272456361107e-01
8.6570000000000000e+00 2.7095626746863805e-01
8.7067499999999995e+00 2.6980402181184510e-01
8.7565000000000008e+00 2.6799259743244663e-01
8.8062500000000004e+00 2.6553015068985258e-01
8.8559999999999999e+00 2.6242635705539114e-01
8.9057499999999994e+00 2.5869238027086744e-01
8.9555000000000007e+00 2.5434083816011216e-01
9.0052500000000002e+00 2.4938576518712743e-01
9.0549999999999997e+00 2.4384257186165040e-01
9.1047499999999992e+00 2.3772800109992095e-01
9.1545000000000005e+00 2.3106008165511854e-01
9.2042500000000000e+00 2.2385807873834029e-01
9.2539999999999996e+00 2.1614244195708576e-01
9.3037500000000009e+00 2.0793475070400771e-01
9.3535000000000004e+00 1.9925765713413957e-01
9.4032499999999999e+00 1.9013482687393357e-01
9.4529999999999994e+00 1.8059087761021714e-01
9.5027500000000007e+00 1.7065131571158296e-01
9.5525000000000002e+00 1.6034247103877289e-01
9.6022499999999997e+00 1.4969143010427646e-01
9.6519999999999992e+00 1.3872596774465415e-01
9.7017500000000005e+00 1.2747447747197371e-01
9.7515000000000001e+00 1.1596590067324916e-01
9.8012499999999996e+00 1.0422965482884955e-01
9.8510000000000009e+00 9.2295560922545830e-02
9.9007500000000004e+00 8.0193770217124274e-02
9.9504999999999999e+00 6.7954690570365295e-02
1.0000249999999999e+01 5.5608912466647030e-02
1.0050000000000001e+01 4.3187134939466493e-02
1.0099750000000000e+01 3.0720091559811712e-02
1.0149500000000000e+01 1.8238476664534375e-02
1.0199249999999999e+01 5.7728719977053269e-03
1.0249000000000001e+01 -6.6463260636597807e-03
1.0298750000000000e+01 -1.8988978530084716e-02
1.0348500000000000e+01 -3.1225274899287565e-02
1.0398250000000001e+01 -4.3325803170703711e-02
1.0448000000000000e+01 -5.5261618613716847e-02
1.0497750000000000e+01 -6.7004311131935876e-02
1.0547499999999999e+01 -7.8526071069699471e-02
1.0597250000000001e+01 -8.9799753311210317e-02
1.0647000000000000e+01 -1.0079893952723491e-01
1.0696750000000000e+01 -1.1149799842918494e-01
1.0746499999999999e+01 -1.2187214389556585e-01
1.0796250000000001e+01 -1.3189749084128033e-01
1.0846000000000000e+01 -1.4155110870603568e-01
1.0895750000000000e+01 -1.5081107244415823e-01
1.0945499999999999e+01 -1.5965651090441538e-01
1.0995250000000000e+01 -1.6806765249499703e-01
1.1045000000000000e+01 -1.7602586803558110e-01
1.1094749999999999e+01 -1.8351371070539277e-01
1.1144500000000001e+01 -1.9051495300333707e-01
1.1194250000000000e+01 -1.9701462064364220e-01
1.1244000000000000e+01 -2.0299902331796471e-01
1.1293749999999999e+01 -2.0845578226254072e-01
1.1343500000000001e+01 -2.1337385457675856e-01
1.1393250000000000e+01 -2.1774355424738412e-01
1.1443000000000000e+01 -2.2155656984063959e-01
1.1492749999999999e+01 -2.2480597883234629e-01
1.1542500000000000e+01 -2.2748625855442176e-01
1.1592250000000000e+01 -2.2959329374410278e-01
1.1641999999999999e+01 -2.3112438069037797e-01
1.1691750000000001e+01 -2.3207822798019473e-01
1.1741500000000000e+01 -2.3245495385506842e-01
1.1791250000000000e+01 -2.3225608019672866e-01
1.1840999999999999e+01 -2.3148452316837761e-01
1.1890750000000001e+01 -2.3014458054598855e-01
1.1940500000000000e+01 -2.2824191578182088e-01
1.1990250000000000e+01 -2.2578353884995001e-01
1.2039999999999999e+01 -2.2277778393109676e-01
1.2089750000000000e+01 -2.1923428400136141e-01
1.2139500000000000e+01 -2.1516394239661982e-01
1.2189249999999999e+01 -2.1057890143129418e-01
1.2239000000000001e+01 -2.0549250815696274e-01
1.2288750000000000e+01 -1.9991927735279791e-01
1.2338500000000000e+01 -1.9387485184610942e-01
1.2388249999999999e+01 -1.8737596026730899e-01
1.2438000000000001e+01 -1.8044037234938176e-01
1.2487750000000000e+01 -1.7308685188743989e-01
1.2537500000000000e+01 -1.6533510747913652e-01
1.2587249999999999e+01 -1.5720574117161751e-01
1.2637000000000000e+01 -1.4872019514527027e-01
1.2686750000000000e+01 -1.3990069656879417e-01
1.2736499999999999e+01 -1.3077020076404003e-01
1.2786250000000001e+01 -1.2135233282266393e-01
1.2836000000000000e+01 -1.1167132781987223e-01
1.2885750000000000e+01 -1.0175196977341644e-01
1.2935499999999999e+01 -9.1619529498533053e-02
1.2985250000000001e+01 -8.1299701511663616e-02
1.3035000000000000e+01 -7.0818540137589495e-02
1.3084750000000000e+01 -6.0202394976017974e-02
1.3134499999999999e+01 -4.9477845884705746e-02
1.3184250000000000e+01 -3.8671637636852170e-02
1.3234000000000000e+01 -2.7810614410787662e-02
1.3283750000000000e+01 -1.6921654269874156e-02
1.3333500000000001e+01 -6.0316037900781348e-03
1.3383250000000000e+01 4.8327870081834147e-03
1.3433000000000000e+01 1.5644929268538971e-02
1.3482749999999999e+01 2.6378459293690953e-02
1.3532500000000001e+01 3.7007301775127739e-02
1.3582250000000000e+01 4.7505732107963682e-02
1.3632000000000000e+01 5.7848437644017557e-02
1.3681749999999999e+01 6.8010577739224198e-02
1.3731500000000000e+01 7.7967842454820288e-02
1.3781250000000000e+01 8.7696509775395615e-02
1.3831000000000000e+01 9.7173501210885457e-02
1.3880750000000001e+01 1.0637643565385221e-01
1.3930500000000000e+01 1.1528368136799040e-01
1.3980250000000000e+01 1.2387440598865125e-01
1.4029999999999999e+01 1.3212862442130663e-01
1.4079750000000001e+01 1.4002724452927520e-01
1.4129500000000000e+01 1.4755211050765921e-01
1.4179250000000000e+01 1.5468604384631773e-01
1.4228999999999999e+01 1.6141288179077215e-01
1.4278750000000000e+01 1.6771751321623399e-01
1.4328500000000000e+01 1.7358591183640940e-01
1.4378250000000000e+01 1.7900516667537528e-01
1.4428000000000001e+01 1.8396350973760803e-01
1.4477750000000000e+01 1.8845034081818346e-01
1.4527500000000000e+01 1.9245624940220782e-01
1.4577249999999999e+01 1.9597303360968812e-01
1.4627000000000001e+01 1.9899371614929307e-01
1.4676750000000000e+01 2.0151255725175216e-01
1.4726500000000000e+01 2.0352506456099509e-01
1.4776249999999999e+01 2.0502799996851939e-01
1.4826000000000001e+01 2.0601938338387271e-01
1.4875750000000000e+01 2.0649849344153137e-01
1.4925500000000000e+01 2.0646586515183399e-01
1.4975250000000001e+01 2.0592328451096290e-01
1.5025000000000000e+01 2.0487378009224663e-01
1.5074750000000000e+01 2.0332161164826451e-01
1.5124499999999999e+01 2.0127225576034935e-01
1.5174250000000001e+01 1.9873238857909500e-01
1.5224000000000000e+01 1.9570986570635582e-01
1.5273750000000000e+01 1.9221369927597781e-01
1.5323499999999999e+01 1.8825403229708151e-01
1.5373250000000001e+01 1.8384211033014200e-01
1.5423000000000000e+01 1.7899025057233892e-01
1.5472750000000000e+01 1.7371180843467923e-01
1.5522500000000001e+01 1.6802114169921731e-01
1.5572250000000000e+01 1.6193357235027936e-01
1.5622000000000000e+01 1.5546534617894767e-01
1.5671749999999999e+01 1.4863359026515843e-01
1.5721500000000001e+01 1.4145626844659007e-01
1.5771250000000000e+01 1.3395213488807889e-01
1.5821000000000000e+01 1.2614068586955965e-01
1.5870749999999999e+01 1.1804210991450924e-01
1.5920500000000001e+01 1.0967723638453392e-01
1.5970250000000000e+01 1.0106748266909880e-01
1.6020000000000000e+01 9.2234800102431694e-02
1.6069749999999999e+01 8.3201618742350270e-02
1.6119499999999999e+01 7.3990791148132271e-02
1.6169250000000002e+01 6.4625535296594316e-02
1.6219000000000001e+01 5.5129376777248995e-02
1.6268750000000001e+01 4.5526090408752953e-02
1.6318500000000000e+01 3.5839641419892952e-02
1.6368250000000000e+01 2.6094126338996007e-02
1.6417999999999999e+01 1.6313713735977172e-02
1.6467749999999999e+01 6.5225849611997887e-03
1.6517499999999998e+01 -3.2551249750597581e-03
1.6567250000000001e+01 -1.2995386239478400e-02
1.6617000000000001e+01 -2.2674332586887964e-02
1.6666750000000000e+01 -3.2268319205241050e-02
1.6716500000000000e+01 -4.1753979855493929e-02
1.6766249999999999e+01 -5.1108283169660824e-02
1.6815999999999999e+01 -6.0308587972683368e-02
1.6865749999999998e+01 -6.9332697496482659e-02
1.6915500000000002e+01 -7.8158912357596241e-02
1.6965250000000001e+01 -8.6766082173130268e-02
1.7015000000000001e+01 -9.5133655693400307e-02
1.7064750000000000e+01 -1.0324172933352600e-01
1.7114500000000000e+01 -1.1107109399045532e-01
1.7164249999999999e+01 -1.1860328003633094e-01
1.7213999999999999e+01 -1.2582060038382295e-01
1.7263750000000002e+01 -1.3270619152399496e-01
1.7313500000000001e+01 -1.3924405244243926e-01
1.7363250000000001e+01 -1.4541908132481790e-01
1.7413000000000000e+01 -1.5121710996851509e-01
1.7462750000000000e+01 -1.5662493582290188e-01
1.7512499999999999e+01 -1.6163035158665390e-01
1.7562249999999999e+01 -1.6622217229667352e-01
1.7611999999999998e+01 -1.7039025984941847e-01
1.7661750000000001e+01 -1.7412554490181958e-01
1.7711500000000001e+01 -1.7742004610545828e-01
1.7761250000000000e+01 -1.8026688663426749e-01
1.7811000000000000e+01 -1.8266030797267852e-01
1.7860749999999999e+01 -1.8459568093787546e-01
1.7910499999999999e+01 -1.8606951391659252e-01
1.7960249999999998e+01 -1.8707945830370032e-01
1.8010000000000002e+01 -1.8762431113664904e-01
1.8059750000000001e+01 -1.8770401492666022e-01
1.8109500000000001e+01 -1.8731965469435938e-01
1.8159250000000000e+01 -1.8647345222430906e-01
1.8209000000000000e+01 -1.8516875755961953e-01
1.8258749999999999e+01 -1.8341003776446085e-01
1.8308499999999999e+01 -1.8120286298886792e-01
1.8358250000000002e+01 -1.7855388987669241e-01
1.8408000000000001e+01 -1.7547084236391100e-01
1.8457750000000001e+01 -1.7196248992071847e-01
1.8507500000000000e+01 -1.6803862329691291e-01
1.8557250000000000e+01 -1.6371002783600064e-01
1.8606999999999999e+01 -1.5898845442919077e-01
1.8656749999999999e+01 -1.5388658818601431e-01
1.8706499999999998e+01 -1.4841801490365991e-01
1.8756250000000001e+01 -1.4259718542226868e-01
1.8806000000000001e+01 -1.3643937795835820e-01
1.8855750000000000e+01 -1.2996065851322852e-01
1.8905500000000000e+01 -1.2317783945766023e-01
1.8955249999999999e+01 -1.1610843639838958e-01
1.9004999999999999e+01 -1.0877062343577633e-01
1.9054749999999999e+01 -1.0118318692572462e-01
1.9104500000000002e+01 -9.3365477862283108e-02
1.9154250000000001e+01 -8.5337363000427643e-02
1.9204000000000001e+01 -7.7119174841297322e-02
1.9253750000000000e+01 -6.8731660604645889e-02
1.9303500000000000e+01 -6.0195930315420615e-02
1.9353249999999999e+01 -5.1533404133240784e-02
1.9402999999999999e+01 -4.2765759055083084e-02
1.9452750000000002e+01 -3.3914875122694997e-02
1.9502500000000001e+01 -2.5002781267156281e-02
1.9552250000000001e+01 -1.6051600923565446e-02
1.9602000000000000e+01 -7.0834975490948020e-03
1.9651750000000000e+01 1.8793798224406109e-03
1.9701499999999999e+01 1.0814950856745824e-02
1.9751249999999999e+01 1.9701257893911778e-02
1.9800999999999998e+01 2.8516519490998121e-02
1.9850750000000001e+01 3.7239183402705746e-02
1.9900500000000001e+01 4.5847978872177557e-02
1.9950250000000000e+01 5.4321968105956020e-02
2.0000000000000000e+01 6.2640596809383858e-02
