1.0000000000000001e-01 -5.0993323786129049e+03
1.4987500000000001e-01 -1.5170632324159978e+03
1.9974900000000001e-01 -6.4222594730823721e+02
2.4962400000000001e-01 -3.2999511782283946e+02
2.9949900000000002e-01 -1.9172651343909732e+02
3.4937299999999999e-01 -1.2127802899546263e+02
3.9924799999999999e-01 -8.1655924648529293e+01
4.4912299999999999e-01 -5.7673227181204062e+01
4.9899700000000002e-01 -4.2308142818976542e+01
5.4887200000000003e-01 -3.2007472050834160e+01
5.9874700000000003e-01 -2.4842011608813038e+01
6.4862200000000003e-01 -1.9701804638698032e+01
6.9849600000000001e-01 -1.5917409812755816e+01
7.4837100000000001e-01 -1.3068408724248753e+01
7.9824600000000001e-01 -1.0881934869988955e+01
8.4811999999999999e-01 -9.1754577219524940e+00
8.9799499999999999e-01 -7.8236366534124882e+00
9.4786999999999999e-01 -6.7385836675433284e+00
9.9774399999999996e-01 -5.8573530493630397e+00
1.0476190000000001e+00 -5.1340106082911046e+00
1.0974940000000000e+00 -4.5345715172162011e+00
1.1473679999999999e+00 -4.0334836529582274e+00
1.1972430000000001e+00 -3.6112564817580046e+00
1.2471179999999999e+00 -3.2528890901553562e+00
1.2969919999999999e+00 -2.9466839834805807e+00
1.3468670000000000e+00 -2.6834115703470394e+00
1.3967419999999999e+00 -2.4557498583217798e+00
1.4466170000000000e+00 -2.2578207344738708e+00
1.4964910000000000e+00 -2.0848741375073074e+00
1.5463659999999999e+00 -1.9330300797599265e+00
1.5962410000000000e+00 -1.7991137814482629e+00
1.6461150000000000e+00 -1.6805015601339663e+00
1.6959900000000001e+00 -1.5750055887401160e+00
1.7458650000000000e+00 -1.4808026422342189e+00
1.7957390000000000e+00 -1.3963588789254959e+00
1.8456140000000001e+00 -1.3203727864669641e+00
1.8954890000000000e+00 -1.2517431257959315e+00
1.9453630000000000e+00 -1.1895294078383056e+00
1.9952380000000001e+00 -1.1329216056417639e+00
2.0451130000000002e+00 -1.0812255628853293e+00
2.0949870000000002e+00 -1.0338408406082762e+00
2.1448619999999998e+00 -9.9024360049088889e-01
2.1947369999999999e+00 -9.4998018297543030e-01
2.2446120000000001e+00 -9.1265322455996023e-01
2.2944860000000000e+00 -8.7791501043289266e-01
2.3443610000000001e+00 -8.4545780987064345e-01
2.3942359999999998e+00 -8.1501224318708865e-01
2.4441099999999998e+00 -7.8634013254043145e-01
2.4939849999999999e+00 -7.5922884488675613e-01
2.5438600000000000e+00 -7.3349125128031667e-01
2.5937340000000000e+00 -7.0896091818416029e-01
2.6436090000000001e+00 -6.8548823368882283e-01
2.6934840000000002e+00 -6.6294119677385566e-01
2.7433580000000002e+00 -6.4120200720835696e-01
2.7932329999999999e+00 -6.2016424921015356e-01
2.8431080000000000e+00 -5.9973412890179845e-01
2.8929819999999999e+00 -5.7982792144810558e-01
2.9428570000000001e+00 -5.6036979523026820e-01
2.9927320000000002e+00 -5.4129330412979815e-01
3.0426069999999998e+00 -5.2253899582738383e-01
3.0924809999999998e+00 -5.0405449479877151e-01
3.1423559999999999e+00 -4.8579241919829302e-01
3.1922310000000000e+00 -4.6771206856267467e-01
3.2421050000000000e+00 -4.4977782221885487e-01
3.2919800000000001e+00 -4.3195765674205533e-01
3.3418549999999998e+00 -4.1422492788945164e-01
3.3917290000000002e+00 -3.9655694857570578e-01
3.4416039999999999e+00 -3.7893363291252347e-01
3.4914790000000000e+00 -3.6133934943693535e-01
3.5413530000000000e+00 -3.4376160951277573e-01
3.5912280000000001e+00 -3.2618978872045340e-01
3.6411030000000002e+00 -3.0861703647145250e-01
3.6909770000000002e+00 -2.9103903066826631e-01
3.7408519999999998e+00 -2.7345274683170850e-01
3.7907270000000000e+00 -2.5585841184495101e-01
3.8406020000000001e+00 -2.3825794447560597e-01
3.8904760000000000e+00 -2.2065552037850616e-01
3.9403510000000002e+00 -2.0305602830186559e-01
3.9902259999999998e+00 -1.8546706321576792e-01
4.0400999999999998e+00 -1.6789774821026945e-01
4.0899749999999999e+00 -1.5035756593119554e-01
4.1398500000000000e+00 -1.3285836468264317e-01
4.1897240000000000e+00 -1.1541319432357675e-01
4.2395990000000001e+00 -9.8035160873268232e-02
4.2894740000000002e+00 -8.0739429218997336e-02
4.3393480000000002e+00 -6.3542072880807876e-02
4.3892230000000003e+00 -4.6458956251112689e-02
4.4390980000000004e+00 -2.9507715635990809e-02
4.4889720000000004e+00 -1.2706626731708718e-02
4.5388469999999996e+00 3.9264782206156496e-03
4.5887219999999997e+00 2.0372270935592459e-02
4.6385959999999997e+00 3.6611035132281235e-02
4.6884709999999998e+00 5.2623705270767041e-02
4.7383459999999999e+00 6.8389989642021184e-02
4.7882210000000001e+00 8.3889753051050647e-02
4.8380950000000000e+00 9.9102461233041200e-02
4.8879700000000001e+00 1.1400846789705889e-01
4.9378450000000003e+00 1.2858725507979007e-01
4.9877190000000002e+00 1.4281844728202642e-01
5.0375940000000003e+00 1.5668270594447653e-01
5.0874689999999996e+00 1.7016008314258574e-01
5.1373430000000004e+00 1.8323097720113168e-01
5.1872179999999997e+00 1.9587694700339250e-01
5.2370929999999998e+00 2.0807920015276693e-01
5.2869669999999998e+00 2.1981947859755910e-01
5.3368419999999999e+00 2.3108078227539020e-01
5.3867170000000000e+00 2.4184601170066933e-01
5.4365910000000000e+00 2.5209877237323075e-01
5.4864660000000001e+00 2.6182399812293761e-01
5.5363410000000002e+00 2.7100676639765348e-01
5.5862160000000003e+00 2.7963317814891037e-01
5.6360900000000003e+00 2.8769003595378106e-01
5.6859650000000004e+00 2.9516552106034560e-01
5.7358399999999996e+00 3.0204826356788056e-01
5.7857139999999996e+00 3.0832791781769742e-01
5.8355889999999997e+00 3.1399552140290427e-01
5.8854639999999998e+00 3.1904277153956129e-01
5.9353379999999998e+00 3.2346248817535400e-01
5.9852129999999999e+00 3.2724885060492220e-01
6.0350880000000000e+00 3.3039688952046503e-01
6.0849620000000000e+00 3.3290283155511263e-01
6.1348370000000001e+00 3.3476421073615908e-01
6.1847120000000002e+00 3.3597958234117814e-01
6.2345860000000002e+00 3.3654874439677929e-01
6.2844610000000003e+00 3.3647272324553712e-01
6.3343360000000004e+00 3.3575371175914576e-01
6.3842109999999996e+00 3.3439513165046136e-01
6.4340849999999996e+00 3.3240166265592097e-01
6.4839599999999997e+00 3.2977906772411225e-01
6.5338349999999998e+00 3.2653442791981308e-01
6.5837089999999998e+00 3.2267607060435832e-01
6.6335839999999999e+00 3.1821327036303998e-01
6.6834590000000000e+00 3.1315669970872628e-01
6.7333330000000000e+00 3.0751823396177930e-01
6.7832080000000001e+00 3.0131053918078554e-01
6.8330830000000002e+00 2.9454772877485375e-01
6.8829570000000002e+00 2.8724504961367842e-01
6.9328320000000003e+00 2.7941836529006064e-01
6.9827070000000004e+00 2.7108500516742690e-01
7.0325810000000004e+00 2.6226333833713722e-01
7.0824559999999996e+00 2.5297216241088311e-01
7.1323309999999998e+00 2.4323172815560859e-01
7.1822059999999999e+00 2.3306300187209283e-01
7.2320799999999998e+00 2.2248801177791686e-01
7.2819550000000000e+00 2.1152894795433339e-01
7.3318300000000001e+00 2.0020938959214765e-01
7.3817040000000000e+00 1.8855365390549972e-01
7.4315790000000002e+00 1.7658601327771747e-01
7.4814540000000003e+00 1.6433204736147519e-01
7.5313280000000002e+00 1.5181791541034351e-01
7.5812030000000004e+00 1.3906952394564434e-01
7.6310779999999996e+00 1.2611397800409124e-01
7.6809519999999996e+00 1.1297879089836749e-01
7.7308269999999997e+00 9.9691018248790994e-02
7.7807019999999998e+00 8.6278780953457632e-02
7.8305759999999998e+00 7.2770427503561441e-02
7.8804509999999999e+00 5.9193650795732279e-02
7.9303260000000000e+00 4.5577054193324952e-02
7.9802010000000001e+00 3.1949009183733397e-02
8.0300750000000001e+00 1.8338137491794974e-02
8.0799500000000002e+00 4.7721592419681658e-03
8.1298250000000003e+00 -8.7205291355784663e-03
8.1796989999999994e+00 -2.2111740374873345e-02
8.2295739999999995e+00 -3.5374355049668696e-02
8.2794489999999996e+00 -4.8480769012919415e-02
8.3293230000000005e+00 -6.1403771616185099e-02
8.3791980000000006e+00 -7.4117366819912628e-02
8.4290730000000007e+00 -8.6595274661220606e-02
8.4789469999999998e+00 -9.8811785742095551e-02
8.5288219999999999e+00 -1.1074252954464427e-01
8.5786970000000000e+00 -1.2236305742195981e-01
8.6285710000000009e+00 -1.3364965740962478e-01
8.6784459999999992e+00 -1.4458005561282908e-01
8.7283209999999993e+00 -1.5513210649852710e-01
8.7781950000000002e+00 -1.6528455292951105e-01
8.8280700000000003e+00 -1.7501764786185250e-01
8.8779450000000004e+00 -1.8431197550409936e-01
8.9278200000000005e+00 -1.9314931510333055e-01
8.9776939999999996e+00 -2.0151230935148090e-01
9.0275689999999997e+00 -2.0938516223066503e-01
9.0774439999999998e+00 -2.1675266665457454e-01
9.1273180000000007e+00 -2.2360078486201240e-01
9.1771930000000008e+00 -2.2991704403913030e-01
9.2270679999999992e+00 -2.3568973876652119e-01
9.2769420000000000e+00 -2.4090841599192034e-01
9.3268170000000001e+00 -2.4556416126189520e-01
9.3766920000000002e+00 -2.4964898920568782e-01
9.4265659999999993e+00 -2.5315622471277355e-01
9.4764409999999994e+00 -2.5608067537385087e-01
9.5263159999999996e+00 -2.5841821948157812e-01
9.5761900000000004e+00 -2.6016607712434320e-01
9.6260650000000005e+00 -2.6132286670532034e-01
9.6759400000000007e+00 -2.6188839601696345e-01
9.7258150000000008e+00 -2.6186381277134474e-01
9.7756889999999999e+00 -2.6125157734176491e-01
9.8255640000000000e+00 -2.6005539450569465e-01
9.8754390000000001e+00 -2.5828027698256278e-01
9.9253129999999992e+00 -2.5593254771877644e-01
9.9751879999999993e+00 -2.5301963054183835e-01
1.0025062999999999e+01 -2.4955031410614012e-01
1.0074937000000000e+01 -2.4553463937233447e-01
1.0124812000000000e+01 -2.4098358371224649e-01
1.0174687000000000e+01 -2.3590951751978217e-01
1.0224561000000000e+01 -2.3032598041501340e-01
1.0274436000000000e+01 -2.2424726630086961e-01
1.0324311000000000e+01 -2.1768906114897976e-01
1.0374185000000001e+01 -2.1066811364637114e-01
1.0424060000000001e+01 -2.0320173062796623e-01
1.0473935000000001e+01 -1.9530858104880225e-01
1.0523809999999999e+01 -1.8700809847895489e-01
1.0573684000000000e+01 -1.7832074993441502e-01
1.0623559000000000e+01 -1.6926728411811021e-01
1.0673434000000000e+01 -1.5986972821738007e-01
1.0723307999999999e+01 -1.5015084575627893e-01
1.0773183000000000e+01 -1.4013346879498148e-01
1.0823058000000000e+01 -1.2984161424486948e-01
1.0872932000000000e+01 -1.1929986911415973e-01
1.0922807000000001e+01 -1.0853267557741299e-01
1.0972682000000001e+01 -9.7565542803061261e-02
1.1022556000000000e+01 -8.6424372840007355e-02
1.1072431000000000e+01 -7.5134713605579301e-02
1.1122306000000000e+01 -6.3723040515220986e-02
1.1172180000000001e+01 -5.2216037348807268e-02
1.1222054999999999e+01 -4.0639832733176937e-02
1.1271929999999999e+01 -2.9021324688833349e-02
1.1321804999999999e+01 -1.7387198364579547e-02
1.1371679000000000e+01 -5.7643280186568582e-03
1.1421554000000000e+01 5.8212154662805708e-03
1.1471429000000001e+01 1.7342825630629548e-02
1.1521303000000000e+01 2.8774124983350701e-02
1.1571178000000000e+01 4.0089705897519839e-02
1.1621053000000000e+01 5.1263812922734381e-02
1.1670927000000001e+01 6.2271100591088972e-02
1.1720802000000001e+01 7.3087339207290783e-02
1.1770676999999999e+01 8.3688145203756101e-02
1.1820551000000000e+01 9.4049716720079848e-02
1.1870426000000000e+01 1.0414949011420215e-01
1.1920301000000000e+01 1.1396494391076573e-01
1.1970174999999999e+01 1.2347429725192331e-01
1.2020049999999999e+01 1.3265710408614384e-01
1.2069925000000000e+01 1.4149315451942285e-01
1.2119799000000000e+01 1.4996312212202131e-01
1.2169674000000001e+01 1.5804908414266086e-01
1.2219549000000001e+01 1.6573354185572906e-01
1.2269424000000001e+01 1.7300014528070751e-01
1.2319298000000000e+01 1.7983342237609687e-01
1.2369173000000000e+01 1.8621935136322348e-01
1.2419048000000000e+01 1.9214456870009156e-01
1.2468921999999999e+01 1.9759684959133303e-01
1.2518796999999999e+01 2.0256541975633222e-01
1.2568671999999999e+01 2.0704032186947749e-01
1.2618546000000000e+01 2.1101280803569550e-01
1.2668421000000000e+01 2.1447555149030662e-01
1.2718296000000000e+01 2.1742218295576993e-01
1.2768170000000000e+01 2.1984758780722466e-01
1.2818045000000000e+01 2.2174801427759322e-01
1.2867920000000000e+01 2.2312078756113585e-01
1.2917794000000001e+01 2.2396450642931698e-01
1.2967669000000001e+01 2.2427904669307649e-01
1.3017543999999999e+01 2.2406545712815590e-01
1.3067418999999999e+01 2.2332603235691631e-01
1.3117293000000000e+01 2.2206431288714340e-01
1.3167168000000000e+01 2.2028496236633469e-01
1.3217043000000000e+01 2.1799390568784732e-01
1.3266916999999999e+01 2.1519828267195618e-01
1.3316792000000000e+01 2.1190621450458011e-01
1.3366667000000000e+01 2.0812711839814846e-01
1.3416541000000000e+01 2.0387155884323266e-01
1.3466416000000001e+01 1.9915092068210266e-01
1.3516291000000001e+01 1.9397789191489131e-01
1.3566165000000000e+01 1.8836621662198783e-01
1.3616040000000000e+01 1.8233028241699223e-01
1.3665915000000000e+01 1.7588575955301322e-01
1.3715788999999999e+01 1.6904926163680919e-01
1.3765663999999999e+01 1.6183785693523403e-01
1.3815538999999999e+01 1.5426984877317690e-01
1.3865413999999999e+01 1.4636419027560477e-01
1.3915288000000000e+01 1.3814073934069174e-01
1.3965163000000000e+01 1.2961954485507929e-01
1.4015038000000001e+01 1.2082178730482304e-01
1.4064912000000000e+01 1.1176925835425600e-01
1.4114787000000000e+01 1.0248373940186452e-01
1.4164662000000000e+01 9.2988038159052017e-02
1.4214536000000001e+01 8.3305408918856072e-02
1.4264411000000001e+01 7.3458896119961134e-02
1.4314285999999999e+01 6.3472444077396745e-02
1.4364160000000000e+01 5.3370270717934550e-02
1.4414035000000000e+01 4.3176190339474063e-02
1.4463910000000000e+01 3.2914772336326115e-02
1.4513783999999999e+01 2.2610682053980462e-02
1.4563658999999999e+01 1.2287997256207994e-02
1.4613534000000000e+01 1.9713908633460808e-03
1.4663409000000000e+01 -8.3147526088279324e-03
1.4713283000000001e+01 -1.8545983490852010e-02
1.4763158000000001e+01 -2.8698663190339747e-02
1.4813033000000001e+01 -3.8748788725892200e-02
1.4862907000000000e+01 -4.8672672795311962e-02
1.4912782000000000e+01 -5.8447586029110529e-02
1.4962657000000000e+01 -6.8050616018680080e-02
1.5012530999999999e+01 -7.7459332259365049e-02
1.5062405999999999e+01 -8.6652387902292682e-02
1.5112280999999999e+01 -9.5608437173569358e-02
1.5162155000000000e+01 -1.0430677121770272e-01
1.5212030000000000e+01 -1.1272786691723605e-01
1.5261905000000000e+01 -1.2085238516384365e-01
1.5311779000000000e+01 -1.2866176435370888e-01
1.5361654000000000e+01 -1.3613870506327433e-01
1.5411529000000000e+01 -1.4326626973323681e-01
1.5461404000000000e+01 -1.5002855338964030e-01
1.5511278000000001e+01 -1.5641043530704493e-01
1.5561152999999999e+01 -1.6239811655530456e-01
1.5611027999999999e+01 -1.6797838281934058e-01
1.5660902000000000e+01 -1.7313905365357629e-01
1.5710777000000000e+01 -1.7786928238464772e-01
1.5760652000000000e+01 -1.8215895866483195e-01
1.5810525999999999e+01 -1.8599907981186928e-01
1.5860401000000000e+01 -1.8938196069065297e-01
1.5910276000000000e+01 -1.9230078749301699e-01
1.5960150000000001e+01 -1.9474990390896213e-01
1.6010024999999999e+01 -1.9672492726392291e-01
1.6059899999999999e+01 -1.9822246170728852e-01
1.6109774000000002e+01 -1.9924029382842634e-01
1.6159649000000002e+01 -1.9977741335082155e-01
1.6209523999999998e+01 -1.9983389045155600e-01
1.6259398000000001e+01 -1.9941097740457533e-01
1.6309273000000001e+01 -1.9851103418009891e-01
1.6359148000000001e+01 -1.9713757108169871e-01
1.6409023000000001e+01 -1.9529521342392031e-01
1.6458897000000000e+01 -1.9298974242939290e-01
1.6508772000000000e+01 -1.9022788479833036e-01
1.6558647000000001e+01 -1.8701757151412410e-01
1.6608521000000000e+01 -1.8336781834380728e-01
1.6658396000000000e+01 -1.7928844215865924e-01
1.6708271000000000e+01 -1.7479047421808305e-01
1.6758144999999999e+01 -1.6988594996146617e-01
1.6808019999999999e+01 -1.6458754558834307e-01
1.6857894999999999e+01 -1.5890913564124448e-01
1.6907768999999998e+01 -1.5286549733154275e-01
1.6957643999999998e+01 -1.4647187581442034e-01
1.7007518999999998e+01 -1.3974467288505757e-01
1.7057393000000001e+01 -1.3270107286930219e-01
1.7107268000000001e+01 -1.2535854649259376e-01
1.7157143000000001e+01 -1.1773565480026528e-01
1.7207018000000001e+01 -1.0985144470117252e-01
1.7256892000000001e+01 -1.0172570541654227e-01
1.7306767000000001e+01 -9.3378263701597214e-02
1.7356642000000001e+01 -8.4829912686086667e-02
1.7406516000000000e+01 -7.6101890855655677e-02
1.7456391000000000e+01 -6.7215287652410305e-02
1.7506266000000000e+01 -5.8192042052831273e-02
1.7556139999999999e+01 -4.9054377140004567e-02
1.7606014999999999e+01 -3.9824184848322626e-02
1.7655889999999999e+01 -3.0524072218322453e-02
1.7705763999999999e+01 -2.1176764067204926e-02
1.7755638999999999e+01 -1.1804480280403035e-02
1.7805513999999999e+01 -2.4300068262770760e-03
1.7855388000000001e+01 6.9239203734538322e-03
1.7905263000000001e+01 1.6235232138338673e-02
1.7955138000000002e+01 2.5481453531302843e-02
1.8005013000000002e+01 3.4640507997223242e-02
1.8054887000000001e+01 4.3690401701472412e-02
1.8104762000000001e+01 5.2609998884243156e-02
1.8154637000000001e+01 6.1377983276189478e-02
1.8204511000000000e+01 6.9973465947508001e-02
1.8254386000000000e+01 7.8376537390841702e-02
1.8304261000000000e+01 8.6567280359590507e-02
1.8354134999999999e+01 9.4526352233012437e-02
1.8404010000000000e+01 1.0223548938462915e-01
1.8453885000000000e+01 1.0967659235021218e-01
1.8503758999999999e+01 1.1683227033869625e-01
1.8553633999999999e+01 1.2368628735488067e-01
1.8603508999999999e+01 1.3022273889325570e-01
1.8653383000000002e+01 1.3642654712626004e-01
1.8703258000000002e+01 1.4228383957808988e-01
1.8753132999999998e+01 1.4778123442850183e-01
1.8803007999999998e+01 1.5290637500234736e-01
1.8852882000000001e+01 1.5764773855910086e-01
1.8902757000000001e+01 1.6199503432481149e-01
1.8952632000000001e+01 1.6593865587957632e-01
1.9002506000000000e+01 1.6947002347573190e-01
1.9052381000000000e+01 1.7258177835189159e-01
1.9102256000000001e+01 1.7526737349914087e-01
1.9152130000000000e+01 1.7752133782833288e-01
1.9202005000000000e+01 1.7933938412321287e-01
1.9251880000000000e+01 1.8071814599849098e-01
1.9301753999999999e+01 1.8165535877150557e-01
1.9351628999999999e+01 1.8214987934040314e-01
1.9401503999999999e+01 1.8220157393410638e-01
1.9451377999999998e+01 1.8181141237698836e-01
1.9501252999999998e+01 1.8098140009235791e-01
1.9551127999999999e+01 1.7971461795317092e-01
1.9601002999999999e+01 1.7801519014333939e-01
1.9650877000000001e+01 1.7588832227569259e-01
1.9700752000000001e+01 1.7334010757251678e-01
1.9750627000000001e+01 1.7037776586152117e-01
1.9800501000000001e+01 1.6700953354414708e-01
1.9850376000000001e+01 1.6324440188612291e-01
1.9900251000000001e+01 1.5909249846460516e-01
1.9950125000000000e+01 1.5456489319219702e-01
2.0000000000000000e+01 1.4967326271339415e-01
