0.0000000000000000e+00 0.0000000000000000e+00
5.0000000000000003e-02 2.4992188313759697e-02
1.0000000000000001e-01 4.9937526036242005e-02
1.4999999999999999e-01 7.4789260161235174e-02
2.0000000000000001e-01 9.9500832639236023e-02
2.5000000000000000e-01 1.2402597732272697e-01
2.9999999999999999e-01 1.4831881627310400e-01
3.4999999999999998e-01 1.7233395521870776e-01
4.0000000000000002e-01 1.9602657795531875e-01
4.5000000000000001e-01 2.1935253948285779e-01
5.0000000000000000e-01 2.4226845767487390e-01
5.5000000000000004e-01 2.6473180328070112e-01
5.9999999999999998e-01 2.8670098806391570e-01
6.5000000000000002e-01 3.0813545088491495e-01
6.9999999999999996e-01 3.2899574154005889e-01
7.5000000000000000e-01 3.4924360217486222e-01
8.0000000000000004e-01 3.6884204609416993e-01
8.4999999999999998e-01 3.8775543379810568e-01
9.0000000000000002e-01 4.0594954607880568e-01
9.4999999999999996e-01 4.2339165401956014e-01
1.0000000000000000e+00 4.4005058574493355e-01
1.0500000000000000e+00 4.5589678977773118e-01
1.1000000000000001e+00 4.7090239486629304e-01
1.1499999999999999e+00 4.8504126615351717e-01
1.2000000000000000e+00 4.9828905756721542e-01
1.2500000000000000e+00 5.1062326031988059e-01
1.3000000000000000e+00 5.2202324741466044e-01
1.3500000000000001e+00 5.3247031406328682e-01
1.3999999999999999e+00 5.4194771393085450e-01
1.4500000000000000e+00 5.5044069113169636e-01
1.5000000000000000e+00 5.5793650791009952e-01
1.5500000000000000e+00 5.6442446794926571e-01
1.6000000000000001e+00 5.6989593526168048e-01
1.6499999999999999e+00 5.7434434862394035e-01
1.7000000000000000e+00 5.7776523152902326e-01
1.7500000000000000e+00 5.8015619763899240e-01
1.8000000000000000e+00 5.8151695173116524e-01
1.8500000000000001e+00 5.8184928614080444e-01
1.8999999999999999e+00 5.8115707271343420e-01
1.9500000000000000e+00 5.7944625028985342e-01
2.0000000000000000e+00 5.7672480775687363e-01
2.0499999999999998e+00 5.7300276270662265e-01
2.1000000000000001e+00 5.6829213575703852e-01
2.1499999999999999e+00 5.6260692059575401e-01
2.2000000000000002e+00 5.5596304981906364e-01
2.2500000000000000e+00 5.4837835664696011e-01
2.2999999999999998e+00 5.3987253260431367e-01
2.3500000000000001e+00 5.3046708126718900e-01
2.3999999999999999e+00 5.2018526818193100e-01
2.4500000000000002e+00 5.0905206707307504e-01
2.5000000000000000e+00 4.9709410246427410e-01
2.5499999999999998e+00 4.8433958884428108e-01
2.6000000000000001e+00 4.7081826651757852e-01
2.6499999999999999e+00 4.5656133428646029e-01
2.7000000000000002e+00 4.4160137911825320e-01
2.7500000000000000e+00 4.2597230295790256e-01
2.7999999999999998e+00 4.0970924685228877e-01
2.8500000000000001e+00 3.9284851255843017e-01
2.8999999999999999e+00 3.7542748181309615e-01
2.9500000000000002e+00 3.5748453344632908e-01
3.0000000000000000e+00 3.3905895852593626e-01
3.0499999999999998e+00 3.2019087372411087e-01
3.1000000000000001e+00 3.0092113310105761e-01
3.1499999999999999e+00 2.8129123850372112e-01
3.2000000000000002e+00 2.6134324878050480e-01
3.2500000000000000e+00 2.4111968801520400e-01
3.2999999999999998e+00 2.2066345298524112e-01
3.3500000000000001e+00 2.0001772005068999e-01
3.3999999999999999e+00 1.7922585168150704e-01
3.4500000000000002e+00 1.5833130283084651e-01
3.5000000000000000e+00 1.3737752736232714e-01
3.5499999999999998e+00 1.1640788473863364e-01
3.6000000000000001e+00 9.5465547177876378e-02
3.6499999999999999e+00 7.4593407482728191e-02
3.7000000000000002e+00 5.3833987745461595e-02
3.7500000000000000e+00 3.3229349129679682e-02
3.7999999999999998e+00 1.2821002926731649e-02
3.8500000000000001e+00 -7.3501769184170489e-03
3.8999999999999999e+00 -2.7244039620779623e-02
3.9500000000000002e+00 -4.6821241521423543e-02
4.0000000000000000e+00 -6.6043328023549244e-02
4.0499999999999998e+00 -8.4872813321053328e-02
4.0999999999999996e+00 -1.0327325774733853e-01
4.1500000000000004e+00 -1.2120934257787187e-01
4.2000000000000002e+00 -1.3864694212604634e-01
4.2500000000000000e+00 -1.5555319297834269e-01
4.2999999999999998e+00 -1.7189656022154046e-01
4.3499999999999996e+00 -1.8764690052183200e-01
4.4000000000000004e+00 -2.0277552192308657e-01
4.4500000000000002e+00 -2.1725524023919204e-01
4.5000000000000000e+00 -2.3106043192337067e-01
4.5499999999999998e+00 -2.4416708330556583e-01
4.5999999999999996e+00 -2.5655283609744450e-01
4.6500000000000004e+00 -2.6819702907321902e-01
4.7000000000000002e+00 -2.7908073584333531e-01
4.7500000000000000e+00 -2.8918679864711050e-01
4.7999999999999998e+00 -2.9849985809955776e-01
4.8499999999999996e+00 -3.0700637883696585e-01
4.9000000000000004e+00 -3.1469467101519077e-01
4.9500000000000002e+00 -3.2155490762413758e-01
5.0000000000000000e+00 -3.2757913759146517e-01
5.0499999999999998e+00 -3.3276129465815618e-01
5.0999999999999996e+00 -3.3709720201823173e-01
5.1500000000000004e+00 -3.4058457272451065e-01
5.2000000000000002e+00 -3.4322300587192195e-01
5.2500000000000000e+00 -3.4501397857943772e-01
5.2999999999999998e+00 -3.4596083380118625e-01
5.3499999999999996e+00 -3.4606876400670461e-01
5.4000000000000004e+00 -3.4534479077958630e-01
5.4500000000000002e+00 -3.4379774039293454e-01
5.5000000000000000e+00 -3.4143821542904340e-01
5.5499999999999998e+00 -3.3827856251955746e-01
5.5999999999999996e+00 -3.3433283629100752e-01
5.6500000000000004e+00 -3.2961675960903941e-01
5.7000000000000002e+00 -3.2414768022285612e-01
5.7500000000000000e+00 -3.1794452391933264e-01
5.7999999999999998e+00 -3.1102774430394237e-01
5.8499999999999996e+00 -3.0341926933302549e-01
5.9000000000000004e+00 -2.9514244472901607e-01
5.9500000000000002e+00 -2.8622197441701930e-01
6.0000000000000000e+00 -2.7668385812756546e-01
6.0499999999999998e+00 -2.6655532631646067e-01
6.0999999999999996e+00 -2.5586477255838314e-01
6.1500000000000004e+00 -2.4464168357623434e-01
6.2000000000000002e+00 -2.3291656707322259e-01
6.2500000000000000e+00 -2.2072087753923733e-01
6.2999999999999998e+00 -2.0808694020724217e-01
6.3499999999999996e+00 -1.9504787333917667e-01
6.4000000000000004e+00 -1.8163750902418332e-01
6.4500000000000002e+00 -1.6789031267489377e-01
6.5000000000000000e+00 -1.5384130140997193e-01
6.5499999999999998e+00 -1.3952596151314808e-01
6.5999999999999996e+00 -1.2498016516056357e-01
6.6500000000000004e+00 -1.1024008660939097e-01
6.7000000000000002e+00 -9.5342118041386190e-02
6.7500000000000000e+00 -8.0322785255277127e-02
6.7999999999999998e+00 -6.5218663401685875e-02
6.8499999999999996e+00 -5.0066292953639187e-02
6.9000000000000004e+00 -3.4902096104618349e-02
6.9500000000000002e+00 -1.9762293784573660e-02
7.0000000000000000e+00 -4.6828234823457346e-03
7.0499999999999998e+00 1.0300741939457056e-02
7.0999999999999996e+00 2.5153274253910306e-02
7.1500000000000004e+00 3.9840168523579800e-02
7.2000000000000002e+00 5.4327420222366876e-02
7.2500000000000000e+00 6.8581700653131739e-02
7.2999999999999998e+00 8.2570430493257935e-02
7.3499999999999996e+00 9.6261851305172036e-02
7.4000000000000004e+00 1.0962509485399115e-01
7.4500000000000002e+00 1.2263025008001979e-01
7.5000000000000000e+00 1.3524842757970548e-01
7.5499999999999998e+00 1.4745182145484331e-01
7.5999999999999996e+00 1.5921376839635681e-01
7.6500000000000004e+00 1.7050880387577058e-01
7.7000000000000002e+00 1.8131271532458812e-01
7.7500000000000000e+00 1.9160259218911793e-01
7.7999999999999998e+00 2.0135687275589598e-01
7.8499999999999996e+00 2.1055538765064696e-01
7.9000000000000004e+00 2.1917939992175139e-01
7.9500000000000002e+00 2.2721164162739144e-01
8.0000000000000000e+00 2.3463634685391468e-01
8.0500000000000007e+00 2.4143928110146551e-01
8.0999999999999996e+00 2.4760776698159281e-01
8.1500000000000004e+00 2.5313070618028055e-01
8.1999999999999993e+00 2.5799859764868094e-01
8.2500000000000000e+00 2.6220355199274376e-01
8.3000000000000007e+00 2.6573930204186441e-01
8.3499999999999996e+00 2.6860120958564487e-01
8.4000000000000004e+00 2.7078626827683533e-01
8.4499999999999993e+00 2.7229310270746043e-01
8.5000000000000000e+00 2.7312196367405378e-01
8.5500000000000007e+00 2.7327471965676675e-01
8.5999999999999996e+00 2.7275484454588056e-01
8.6500000000000004e+00 2.7156740165792087e-01
8.6999999999999993e+00 2.6971902409210785e-01
8.7500000000000000e+00 2.6721789148628172e-01
8.8000000000000007e+00 2.6407370323967749e-01
8.8499999999999996e+00 2.6029764827798357e-01
8.9000000000000004e+00 2.5590237144397598e-01
8.9499999999999993e+00 2.5090193660466881e-01
9.0000000000000000e+00 2.4531178657332522e-01
9.0500000000000007e+00 2.3914869995183530e-01
9.0999999999999996e+00 2.3243074500585645e-01
9.1500000000000004e+00 2.2517723069172405e-01
9.1999999999999993e+00 2.1740865496044981e-01
9.2500000000000000e+00 2.0914665047012118e-01
9.3000000000000007e+00 2.0041392784370216e-01
9.3499999999999996e+00 1.9123421661455750e-01
9.4000000000000004e+00 1.8163220400702149e-01
9.4499999999999993e+00 1.7163347170396073e-01
9.5000000000000000e+00 1.6126443075752980e-01
9.5500000000000007e+00 1.5055225480320766e-01
9.5999999999999996e+00 1.3952481174068559e-01
9.6500000000000004e+00 1.2821059404827528e-01
9.6999999999999993e+00 1.1663864790021315e-01
9.7500000000000000e+00 1.0483850125849749e-01
9.8000000000000007e+00 9.2840091112810011e-02
9.8499999999999996e+00 8.0673690043501639e-02
9.9000000000000004e+00 6.8369832283692061e-02
9.9499999999999993e+00 5.5959239457154752e-02
1.0000000000000000e+01 4.3472746168861598e-02
1.0050000000000001e+01 3.0941225624866987e-02
1.0100000000000000e+01 1.8395515457571683e-02
1.0150000000000000e+01 5.8663439313740599e-03
1.0199999999999999e+01 -6.6157432977235016e-03
1.0250000000000000e+01 -1.9020455696868527e-02
1.0300000000000001e+01 -3.1317829476006830e-02
1.0350000000000000e+01 -4.3478298145650282e-02
1.0400000000000000e+01 -5.5472761848998214e-02
1.0449999999999999e+01 -6.7272655308072957e-02
1.0500000000000000e+01 -7.8850014227331733e-02
1.0550000000000001e+01 -9.0177540002333537e-02
1.0600000000000000e+01 -1.0122866258557571e-01
1.0650000000000000e+01 -1.1197760136641630e-01
1.0699999999999999e+01 -1.2239942392717600e-01
1.0750000000000000e+01 -1.3247010254299021e-01
1.0800000000000001e+01 -1.4216656829873547e-01
1.0850000000000000e+01 -1.5146676270243478e-01
1.0900000000000000e+01 -1.6034968668085339e-01
1.0949999999999999e+01 -1.6879544684958039e-01
1.1000000000000000e+01 -1.7678529895672149e-01
1.1050000000000001e+01 -1.8430168840633948e-01
1.1100000000000000e+01 -1.9132828777504912e-01
1.1150000000000000e+01 -1.9785003124257730e-01
1.1199999999999999e+01 -2.0385314586470038e-01
1.1250000000000000e+01 -2.0932517962472053e-01
1.1300000000000001e+01 -2.1425502620750225e-01
1.1350000000000000e+01 -2.1863294644808604e-01
1.1400000000000000e+01 -2.2245058641496834e-01
1.1449999999999999e+01 -2.2570099209628253e-01
1.1500000000000000e+01 -2.2837862066532350e-01
1.1550000000000001e+01 -2.3047934831008809e-01
1.1600000000000000e+01 -2.3200047461975587e-01
1.1650000000000000e+01 -2.3294072352927414e-01
1.1699999999999999e+01 -2.3330024083143017e-01
1.1750000000000000e+01 -2.3308058827396433e-01
1.1800000000000001e+01 -2.3228473426738358e-01
1.1850000000000000e+01 -2.3091704123716117e-01
1.1900000000000000e+01 -2.2898324966192407e-01
1.1949999999999999e+01 -2.2649045884703473e-01
1.2000000000000000e+01 -2.2344710449062757e-01
1.2050000000000001e+01 -2.1986293310666802e-01
1.2100000000000000e+01 -2.1574897337692481e-01
1.2150000000000000e+01 -2.1111750451088412e-01
1.2199999999999999e+01 -2.0598202169956009e-01
1.2250000000000000e+01 -2.0035719875585489e-01
1.2300000000000001e+01 -1.9425884804059140e-01
1.2350000000000000e+01 -1.8770387777953493e-01
1.2400000000000000e+01 -1.8071024688267326e-01
1.2449999999999999e+01 -1.7329691738266909e-01
1.2500000000000000e+01 -1.6548380461475973e-01
1.2550000000000001e+01 -1.5729172526543594e-01
1.2600000000000000e+01 -1.4874234342195997e-01
1.2650000000000000e+01 -1.3985811475918861e-01
1.2699999999999999e+01 -1.3066222900423102e-01
1.2750000000000000e+01 -1.2117855082319183e-01
1.2800000000000001e+01 -1.1143155927760238e-01
1.2850000000000000e+01 -1.0144628600115045e-01
1.2900000000000000e+01 -9.1248252249939488e-02
1.2949999999999999e+01 -8.0863404981766335e-02
1.3000000000000000e+01 -7.0318052121778607e-02
1.3050000000000001e+01 -5.9638797173361693e-02
1.3100000000000000e+01 -4.8852473334223753e-02
1.3150000000000000e+01 -3.7986077278338963e-02
1.3199999999999999e+01 -2.7066702764779203e-02
1.3250000000000000e+01 -1.6121474234366880e-02
1.3300000000000001e+01 -5.1774805546708482e-03
1.3350000000000000e+01 5.7382909269827094e-03
1.3400000000000000e+01 1.6599019864009468e-02
1.3449999999999999e+01 2.7378117767689496e-02
1.3500000000000000e+01 3.8049292086001552e-02
1.3550000000000001e+01 4.8586609351555843e-02
1.3600000000000000e+01 5.8964557248737531e-02
1.3650000000000000e+01 6.9158105453182461e-02
1.3699999999999999e+01 7.9142765100114476e-02
1.3750000000000000e+01 8.8894646741791414e-02
1.3800000000000001e+01 9.8390516658354202e-02
1.3850000000000000e+01 1.0760785139075030e-01
1.3900000000000000e+01 1.1652489036905644e-01
1.3949999999999999e+01 1.2512068651451042e-01
1.4000000000000000e+01 1.3337515469879338e-01
1.4050000000000001e+01 1.4126911794960897e-01
1.4100000000000000e+01 1.4878435129739367e-01
1.4150000000000000e+01 1.5590362316396847e-01
1.4199999999999999e+01 1.6261073420017555e-01
1.4250000000000000e+01 1.6889055348599361e-01
1.4300000000000001e+01 1.7472905201322264e-01
1.4350000000000000e+01 1.8011333337765270e-01
1.4400000000000000e+01 1.8503166161457757e-01
1.4449999999999999e+01 1.8947348611861833e-01
1.4500000000000000e+01 1.9342946359604696e-01
1.4550000000000001e+01 1.9689147700513046e-01
1.4600000000000000e+01 1.9985265144743206e-01
1.4650000000000000e+01 2.0230736698049939e-01
1.4699999999999999e+01 2.0425126832990537e-01
1.4750000000000000e+01 2.0568127148618634e-01
1.4800000000000001e+01 2.0659556717980909e-01
1.4850000000000000e+01 2.0699362123488671e-01
1.4900000000000000e+01 2.0687617180992504e-01
1.4949999999999999e+01 2.0624522354141170e-01
1.5000000000000000e+01 2.0510403861352275e-01
1.5050000000000001e+01 2.0345712478461783e-01
1.5100000000000000e+01 2.0131022040849095e-01
1.5150000000000000e+01 1.9867027649553237e-01
1.5199999999999999e+01 1.9554543586602099e-01
1.5250000000000000e+01 1.9194500945467452e-01
1.5300000000000001e+01 1.8787944983234880e-01
1.5350000000000000e+01 1.8336032201734881e-01
1.5400000000000000e+01 1.7840027165520175e-01
1.5449999999999999e+01 1.7301299065192199e-01
1.5500000000000000e+01 1.6721318035174704e-01
1.5550000000000001e+01 1.6101651235606218e-01
1.5600000000000000e+01 1.5443958708567482e-01
1.5650000000000000e+01 1.4749989019383672e-01
1.5699999999999999e+01 1.4021574694233863e-01
1.5750000000000000e+01 1.3260627465763883e-01
1.5800000000000001e+01 1.2469133338837583e-01
1.5850000000000000e+01 1.1649147488963092e-01
1.5900000000000000e+01 1.0802789006306518e-01
1.5949999999999999e+01 9.9322354985465169e-02
1.6000000000000000e+01 9.0397175661304244e-02
1.6050000000000001e+01 8.1275131637689790e-02
1.6100000000000001e+01 7.1979418622449873e-02
1.6149999999999999e+01 6.2533590248190440e-02
1.6199999999999999e+01 5.2961499126834496e-02
1.6250000000000000e+01 4.3287237340532116e-02
1.6300000000000001e+01 3.3535076515784003e-02
1.6350000000000001e+01 2.3729407628285893e-02
1.6399999999999999e+01 1.3894680686256839e-02
1.6449999999999999e+01 4.0553444399176099e-03
1.6500000000000000e+01 -5.7642137356311947e-03
1.6550000000000001e+01 -1.5539727637732323e-02
1.6600000000000001e+01 -2.5247111568407556e-02
1.6649999999999999e+01 -3.4862519057761950e-02
1.6699999999999999e+01 -4.4362400836651342e-02
1.6750000000000000e+01 -5.3723561918893568e-02
1.6800000000000001e+01 -6.2923217655868349e-02
1.6850000000000001e+01 -7.1939048629164490e-02
1.6899999999999999e+01 -8.0749254250142136e-02
1.6949999999999999e+01 -8.9332604938757776e-02
1.7000000000000000e+01 -9.7668492757780695e-02
1.7050000000000001e+01 -1.0573698038263357e-01
1.7100000000000001e+01 -1.1351884829143498e-01
1.7149999999999999e+01 -1.2099564006447197e-01
1.7199999999999999e+01 -1.2814970568721756e-01
1.7250000000000000e+01 -1.3496424275615049e-01
1.7300000000000001e+01 -1.4142333549201389e-01
1.7350000000000001e+01 -1.4751199147073266e-01
1.7399999999999999e+01 -1.5321617598801701e-01
1.7449999999999999e+01 -1.5852284397966757e-01
1.7500000000000000e+01 -1.6341996942575501e-01
1.7550000000000001e+01 -1.6789657217318638e-01
1.7600000000000001e+01 -1.7194274211763219e-01
1.7649999999999999e+01 -1.7554966069238265e-01
1.7699999999999999e+01 -1.7870961961843010e-01
1.7750000000000000e+01 -1.8141603687685864e-01
1.7800000000000001e+01 -1.8366346987153087e-01
1.7850000000000001e+01 -1.8544762575698914e-01
1.7899999999999999e+01 -1.8676536891349663e-01
1.7949999999999999e+01 -1.8761472555815525e-01
1.8000000000000000e+01 -1.8799488548806956e-01
1.8050000000000001e+01 -1.8790620095855387e-01
1.8100000000000001e+01 -1.8735018270637613e-01
1.8149999999999999e+01 -1.8632949313499392e-01
1.8199999999999999e+01 -1.8484793668563973e-01
1.8250000000000000e+01 -1.8291044742494139e-01
1.8300000000000001e+01 -1.8052307388650063e-01
1.8350000000000001e+01 -1.7769296121048081e-01
1.8399999999999999e+01 -1.7442833063176774e-01
1.8449999999999999e+01 -1.7073845637362794e-01
1.8500000000000000e+01 -1.6663364001001613e-01
1.8550000000000001e+01 -1.6212518236571416e-01
1.8600000000000001e+01 -1.5722535302936466e-01
1.8649999999999999e+01 -1.5194735756011493e-01
1.8699999999999999e+01 -1.4630530247405199e-01
1.8750000000000000e+01 -1.4031415810184245e-01
1.8800000000000001e+01 -1.3398971941398222e-01
1.8850000000000001e+01 -1.2734856491482385e-01
1.8899999999999999e+01 -1.2040801371102923e-01
1.8949999999999999e+01 -1.1318608086432726e-01
1.9000000000000000e+01 -1.0570143114240907e-01
1.9050000000000001e+01 -9.7973331285431856e-02
1.9100000000000001e+01 -9.0021600908985672e-02
1.9149999999999999e+01 -8.1866562167433307e-02
1.9199999999999999e+01 -7.3528988304265616e-02
1.9250000000000000e+01 -6.5030051218585572e-02
1.9300000000000001e+01 -5.6391268178900736e-02
1.9350000000000001e+01 -4.7634447817234311e-02
1.9399999999999999e+01 -3.8781635537986303e-02
1.9449999999999999e+01 -2.9855058477128795e-02
1.9500000000000000e+01 -2.0877070148097466e-02
1.9550000000000001e+01 -1.1870094911187816e-02
1.9600000000000001e+01 -2.8565724034050363e-03
1.9649999999999999e+01 6.1410979345152411e-03
1.9699999999999999e+01 1.5100612097754871e-02
1.9750000000000000e+01 2.3999816388422902e-02
1.9800000000000001e+01 3.2816761783876762e-02
1.9850000000000001e+01 4.1529757669801742e-02
1.9899999999999999e+01 5.0117424807379823e-02
1.9949999999999999e+01 5.8558747406052214e-02
2.0000000000000000e+01 6.6833124175849926e-02
