1.0000000000000001e-01 -6.4589510947020266e+00
1.4974999999999999e-01 -4.3706503155878700e+00
1.9950000000000001e-01 -3.3316137303582116e+00
2.4925000000000000e-01 -2.7115414622499308e+00
2.9899999999999999e-01 -2.2999646138363334e+00
3.4875000000000000e-01 -2.0066874929096929e+00
3.9850000000000002e-01 -1.7866626963390579e+00
4.4824999999999998e-01 -1.6149120050452219e+00
4.9800000000000000e-01 -1.4764881474434945e+00
5.4774999999999996e-01 -1.3619113458297241e+00
5.9750000000000003e-01 -1.2648881140230825e+00
6.4724999999999999e-01 -1.1810835386697680e+00
6.9699999999999995e-01 -1.1074202328704190e+00
7.4675000000000002e-01 -1.0416580858144526e+00
7.9649999999999999e-01 -9.8213187849149663e-01
8.4624999999999995e-01 -9.2758169956212833e-01
8.9600000000000002e-01 -8.7704002662378133e-01
9.4574999999999998e-01 -8.2975456269730552e-01
9.9550000000000005e-01 -7.8513428911266903e-01
1.0452500000000000e+00 -7.4271097791746243e-01
1.0950000000000000e+00 -7.0211123139674469e-01
1.1447499999999999e+00 -6.6303583465465654e-01
1.1944999999999999e+00 -6.2524428056199621e-01
1.2442500000000001e+00 -5.8854301287838384e-01
1.2940000000000000e+00 -5.5277638191027134e-01
1.3437500000000000e+00 -5.1781960587401688e-01
1.3935000000000000e+00 -4.8357323373102368e-01
1.4432499999999999e+00 -4.4995874486384480e-01
1.4930000000000001e+00 -4.1691501859432523e-01
1.5427500000000001e+00 -3.8439547576569616e-01
1.5925000000000000e+00 -3.5236574431292478e-01
1.6422500000000000e+00 -3.2080173685479174e-01
1.6919999999999999e+00 -2.8968805486282712e-01
1.7417499999999999e+00 -2.5901665364144560e-01
1.7915000000000001e+00 -2.2878571709534395e-01
1.8412500000000001e+00 -1.9899870240214942e-01
1.8910000000000000e+00 -1.6966352320017877e-01
1.9407500000000000e+00 -1.4079184642434428e-01
1.9904999999999999e+00 -1.1239848297129799e-01
2.0402499999999999e+00 -8.4500856308718272e-02
2.0899999999999999e+00 -5.7118536229306821e-02
2.1397499999999998e+00 -3.0272827385485614e-02
2.1894999999999998e+00 -3.9864041742098053e-03
2.2392500000000002e+00 2.1717014915326825e-02
2.2890000000000001e+00 4.6812959139928570e-02
2.3387500000000001e+00 7.1276468176911079e-02
2.3885000000000001e+00 9.5082329476444322e-02
2.4382500000000000e+00 1.1820529347540784e-01
2.4880000000000000e+00 1.4062026931917013e-01
2.5377500000000000e+00 1.6230250329734644e-01
2.5874999999999999e+00 1.8322774183743987e-01
2.6372499999999999e+00 2.0337238060154100e-01
2.6869999999999998e+00 2.2271360098419057e-01
2.7367499999999998e+00 2.4122949510466554e-01
2.7865000000000002e+00 2.5889918021680891e-01
2.8362500000000002e+00 2.7570290331795616e-01
2.8860000000000001e+00 2.9162213662062131e-01
2.9357500000000001e+00 3.0663966445233221e-01
2.9855000000000000e+00 3.2073966206711968e-01
3.0352500000000000e+00 3.3390776678393863e-01
3.0850000000000000e+00 3.4613114181054039e-01
3.1347499999999999e+00 3.5739853306420533e-01
3.1844999999999999e+00 3.6770031926173702e-01
3.2342499999999998e+00 3.7702855551899300e-01
3.2839999999999998e+00 3.8537701067390095e-01
3.3337500000000002e+00 3.9274119852550948e-01
3.3835000000000002e+00 3.9911840316441544e-01
3.4332500000000001e+00 4.0450769855625440e-01
3.4830000000000001e+00 4.0890996252931827e-01
3.5327500000000001e+00 4.1232788530931741e-01
3.5825000000000000e+00 4.1476597273845522e-01
3.6322500000000000e+00 4.1623054431198164e-01
3.6819999999999999e+00 4.1672972616299597e-01
3.7317499999999999e+00 4.1627343912518022e-01
3.7814999999999999e+00 4.1487338200320295e-01
3.8312499999999998e+00 4.1254301018151940e-01
3.8809999999999998e+00 4.0929750970406226e-01
3.9307500000000002e+00 4.0515376695973154e-01
3.9805000000000001e+00 4.0013033411151683e-01
4.0302499999999997e+00 3.9424739041042978e-01
4.0800000000000001e+00 3.8752669953906332e-01
4.1297499999999996e+00 3.7999156313349336e-01
4.1795000000000000e+00 3.7166677063625636e-01
4.2292500000000004e+00 3.6257854563726916e-01
4.2789999999999999e+00 3.5275448886370420e-01
4.3287500000000003e+00 3.4222351798395378e-01
4.3784999999999998e+00 3.3101580439486894e-01
4.4282500000000002e+00 3.1916270716538869e-01
4.4779999999999998e+00 3.0669670431345142e-01
4.5277500000000002e+00 2.9365132159666701e-01
4.5774999999999997e+00 2.8006105900059436e-01
4.6272500000000001e+00 2.6596131511157689e-01
4.6769999999999996e+00 2.5138830956394559e-01
4.7267500000000000e+00 2.3637900375392776e-01
4.7765000000000004e+00 2.2097102001484928e-01
4.8262499999999999e+00 2.0520255945010019e-01
4.8760000000000003e+00 1.8911231862189570e-01
4.9257499999999999e+00 1.7273940529505971e-01
4.9755000000000003e+00 1.5612325343585920e-01
5.0252499999999998e+00 1.3930353766638570e-01
5.0750000000000002e+00 1.2232008737500143e-01
5.1247499999999997e+00 1.0521280068305731e-01
5.1745000000000001e+00 8.8021558467317754e-02
5.2242499999999996e+00 7.0786138636417986e-02
5.2740000000000000e+00 5.3546130858110101e-02
5.3237500000000004e+00 3.6340851932131824e-02
5.3734999999999999e+00 1.9209262001169125e-02
5.4232500000000003e+00 2.1898817896533261e-03
5.4729999999999999e+00 -1.4679288943005563e-02
5.5227500000000003e+00 -3.1360851551680911e-02
5.5724999999999998e+00 -4.7818087078111290e-02
5.6222500000000002e+00 -6.4015033071924701e-02
5.6719999999999997e+00 -7.9916558489863024e-02
5.7217500000000001e+00 -9.5488436507983693e-02
5.7714999999999996e+00 -1.1069741508695401e-01
5.8212500000000000e+00 -1.2551128513625914e-01
5.8710000000000004e+00 -1.3989894612913648e-01
5.9207500000000000e+00 -1.5383046902638900e-01
5.9705000000000004e+00 -1.6727715637383411e-01
6.0202499999999999e+00 -1.8021159944504717e-01
6.0700000000000003e+00 -1.9260773230822839e-01
6.1197499999999998e+00 -2.0444088270342609e-01
6.1695000000000002e+00 -2.1568781962400888e-01
6.2192499999999997e+00 -2.2632679750413204e-01
6.2690000000000001e+00 -2.3633759692201553e-01
6.3187499999999996e+00 -2.4570156173708407e-01
6.3685000000000000e+00 -2.5440163258743137e-01
6.4182499999999996e+00 -2.6242237668260943e-01
6.4680000000000000e+00 -2.6975001383541802e-01
6.5177500000000004e+00 -2.7637243868513645e-01
6.5674999999999999e+00 -2.8227923907349828e-01
6.6172500000000003e+00 -2.8746171054362746e-01
6.6669999999999998e+00 -2.9191286694110813e-01
6.7167500000000002e+00 -2.9562744710535888e-01
6.7664999999999997e+00 -2.9860191764844851e-01
6.8162500000000001e+00 -3.0083447182747558e-01
6.8659999999999997e+00 -3.0232502452554644e-01
6.9157500000000001e+00 -3.0307520336527172e-01
6.9654999999999996e+00 -3.0308833598747670e-01
7.0152500000000000e+00 -3.0236943353652596e-01
7.0650000000000004e+00 -3.0092517040222705e-01
7.1147499999999999e+00 -2.9876386027672036e-01
7.1645000000000003e+00 -2.9589542859303680e-01
7.2142499999999998e+00 -2.9233138142011317e-01
7.2640000000000002e+00 -2.8808477089696038e-01
7.3137499999999998e+00 -2.8317015729638839e-01
7.3635000000000002e+00 -2.7760356781615125e-01
7.4132499999999997e+00 -2.7140245220261322e-01
7.4630000000000001e+00 -2.6458563531899487e-01
7.5127499999999996e+00 -2.5717326677695246e-01
7.5625000000000000e+00 -2.4918676775663773e-01
7.6122500000000004e+00 -2.4064877514648381e-01
7.6619999999999999e+00 -2.3158308313973250e-01
7.7117500000000003e+00 -2.2201458243016575e-01
7.7614999999999998e+00 -2.1196919715460316e-01
7.8112500000000002e+00 -2.0147381973447664e-01
7.8609999999999998e+00 -1.9055624377317629e-01
7.9107500000000002e+00 -1.7924509516986922e-01
7.9604999999999997e+00 -1.6756976161412993e-01
8.0102499999999992e+00 -1.5556032062894951e-01
8.0600000000000005e+00 -1.4324746633254792e-01
8.1097500000000000e+00 -1.3066243509184897e-01
8.1594999999999995e+00 -1.1783693024251272e-01
8.2092500000000008e+00 -1.0480304605206109e-01
8.2590000000000003e+00 -9.1593191103833835e-02
8.3087499999999999e+00 -7.8240011280316629e-02
8.3584999999999994e+00 -6.4776312524776711e-02
8.4082500000000007e+00 -5.1234983560103191e-02
8.4580000000000002e+00 -3.7648918743311020e-02
8.5077499999999997e+00 -2.4050941233306609e-02
8.5574999999999992e+00 -1.0473726648260026e-02
8.6072500000000005e+00 3.0502726127534944e-03
8.6570000000000000e+00 1.6488902211238721e-02
8.7067499999999995e+00 2.9810379703766900e-02
8.7565000000000008e+00 4.2983367202169977e-02
8.8062500000000004e+00 5.5977042695399340e-02
8.8559999999999999e+00 6.8761169872608163e-02
8.9057499999999994e+00 8.1306166290969872e-02
8.9555000000000007e+00 9.3583169736084396e-02
9.0052500000000002e+00 1.0556410262746924e-01
9.0549999999999997e+00 1.1722173432663950e-01
9.1047499999999992e+00 1.2852974121057228e-01
9.1545000000000005e+00 1.3946276437898231e-01
9.2042500000000000e+00 1.4999646486972748e-01
9.2539999999999996e+00 1.6010757626285410e-01
9.3037500000000009e+00 1.6977395456022332e-01
9.3535000000000004e+00 1.7897462523435492e-01
9.4032499999999999e+00 1.8768982734704492e-01
9.4529999999999994e+00 1.9590105464542995e-01
9.5027500000000007e+00 2.0359109355051430e-01
9.5525000000000002e+00 2.1074405796066151e-01
9.6022499999999997e+00 2.1734542080023556e-01
9.6519999999999992e+00 2.2338204225136002e-01
9.7017500000000005e+00 2.2884219461471070e-01
9.7515000000000001e+00 2.3371558375328147e-01
9.8012499999999996e+00 2.3799336708118390e-01
9.8510000000000009e+00 2.4166816806772468e-01
9.9007500000000004e+00 2.4473408723523674e-01
9.9504999999999999e+00 2.4718670963740505e-01
1.0000249999999999e+01 2.4902310881308506e-01
1.0050000000000001e+01 2.5024184721887827e-01
1.0099750000000000e+01 2.5084297315195064e-01
1.0149500000000000e+01 2.5082801418275719e-01
1.0199249999999999e+01 2.5019996712544412e-01
1.0249000000000001e+01 2.4896328458172051e-01
1.0298750000000000e+01 2.4712385810190690e-01
1.0348500000000000e+01 2.4468899801465743e-01
1.0398250000000001e+01 2.4166740998450092e-01
1.0448000000000000e+01 2.3806916836383621e-01
1.0497750000000000e+01 2.3390568641332388e-01
1.0547499999999999e+01 2.2918968347174432e-01
1.0597250000000001e+01 2.2393514916328533e-01
1.0647000000000000e+01 2.1815730473692319e-01
1.0696750000000000e+01 2.1187256163898444e-01
1.0746499999999999e+01 2.0509847742617893e-01
1.0796250000000001e+01 1.9785370913229969e-01
1.0846000000000000e+01 1.9015796420743211e-01
1.0895750000000000e+01 1.8203194915384122e-01
1.0945499999999999e+01 1.7349731598775853e-01
1.0995250000000000e+01 1.6457660666098683e-01
1.1045000000000000e+01 1.5529319558064597e-01
1.1094749999999999e+01 1.4567123036942051e-01
1.1144500000000001e+01 1.3573557101238634e-01
1.1194250000000000e+01 1.2551172753983517e-01
1.1244000000000000e+01 1.1502579639850820e-01
1.1293749999999999e+01 1.0430439566627567e-01
1.1343500000000001e+01 9.3374599267544045e-02
1.1393250000000000e+01 8.2263870348552023e-02
1.1443000000000000e+01 7.0999993973197784e-02
1.1492749999999999e+01 5.9611009301167903e-02
1.1542500000000000e+01 4.8125141410845673e-02
1.1592250000000000e+01 3.6570732929831005e-02
1.1641999999999999e+01 2.4976175635846205e-02
1.1691750000000001e+01 1.3369842190387912e-02
1.1741500000000000e+01 1.7800181666630980e-03
1.1791250000000000e+01 -9.7651654678423874e-03
1.1840999999999999e+01 -2.1237799255370039e-02
1.1890750000000001e+01 -3.2610261381625844e-02
1.1940500000000000e+01 -4.3855282884695201e-02
1.1990250000000000e+01 -5.4946011787256110e-02
1.2039999999999999e+01 -6.5856076003205352e-02
1.2089750000000000e+01 -7.6559644873187532e-02
1.2139500000000000e+01 -8.7031489187193223e-02
1.2189249999999999e+01 -9.7247039556421791e-02
1.2239000000000001e+01 -1.0718244300092263e-01
1.2288750000000000e+01 -1.1681461762417392e-01
1.2338500000000000e+01 -1.2612130525068913e-01
1.2388249999999999e+01 -1.3508112190793406e-01
1.2438000000000001e+01 -1.4367360603933207e-01
1.2487750000000000e+01 -1.5187926434084684e-01
1.2537500000000000e+01 -1.5967961511961512e-01
1.2587249999999999e+01 -1.6705722907927653e-01
1.2637000000000000e+01 -1.7399576744306658e-01
1.2686750000000000e+01 -1.8048001733231844e-01
1.2736499999999999e+01 -1.8649592432480541e-01
1.2786250000000001e+01 -1.9203062212427446e-01
1.2836000000000000e+01 -1.9707245927961090e-01
1.2885750000000000e+01 -2.0161102289927119e-01
1.2935499999999999e+01 -2.0563715931393708e-01
1.2985250000000001e+01 -2.0914299164774941e-01
1.3035000000000000e+01 -2.1212193426595663e-01
1.3084750000000000e+01 -2.1456870407435799e-01
1.3134499999999999e+01 -2.1647932865348113e-01
1.3184250000000000e+01 -2.1785115121804227e-01
1.3234000000000000e+01 -2.1868283239982167e-01
1.3283750000000000e+01 -2.1897434885967643e-01
1.3333500000000001e+01 -2.1872698874194926e-01
1.3383250000000000e+01 -2.1794334399203610e-01
1.3433000000000000e+01 -2.1662729956529000e-01
1.3482749999999999e+01 -2.1478401956278273e-01
1.3532500000000001e+01 -2.1241993033667864e-01
1.3582250000000000e+01 -2.0954270061508232e-01
1.3632000000000000e+01 -2.0616121870320062e-01
1.3681749999999999e+01 -2.0228556682447804e-01
1.3731500000000000e+01 -1.9792699267201513e-01
1.3781250000000000e+01 -1.9309787824704211e-01
1.3831000000000000e+01 -1.8781170606748776e-01
1.3880750000000001e+01 -1.8208302283573191e-01
1.3930500000000000e+01 -1.7592740066045059e-01
1.3980250000000000e+01 -1.6936139593304217e-01
1.4029999999999999e+01 -1.6240250596444983e-01
1.4079750000000001e+01 -1.5506912349325142e-01
1.4129500000000000e+01 -1.4738048918066901e-01
1.4179250000000000e+01 -1.3935664221263980e-01
1.4228999999999999e+01 -1.3101836913328718e-01
1.4278750000000000e+01 -1.2238715103800907e-01
1.4328500000000000e+01 -1.1348510925797582e-01
1.4378250000000000e+01 -1.0433494967106342e-01
1.4428000000000001e+01 -9.4959905777172504e-02
1.4477750000000000e+01 -8.5383680678450286e-02
1.4527500000000000e+01 -7.5630388107163576e-02
1.4577249999999999e+01 -6.5724492645864899e-02
1.4627000000000001e+01 -5.5690749286018637e-02
1.4676750000000000e+01 -4.5554142472441189e-02
1.4726500000000000e+01 -3.5339824781725919e-02
1.4776249999999999e+01 -2.5073055383304604e-02
1.4826000000000001e+01 -1.4779138431893355e-02
1.4875750000000000e+01 -4.4833615398383875e-03
1.4925500000000000e+01 5.7890655227360796e-03
1.4975250000000001e+01 1.6013071753014595e-02
1.5025000000000000e+01 2.6163785320161340e-02
1.5074750000000000e+01 3.6216593305574349e-02
1.5124499999999999e+01 4.6147200636699685e-02
1.5174250000000001e+01 5.5931688074720140e-02
1.5224000000000000e+01 6.5546569119076581e-02
1.5273750000000000e+01 7.4968845694764391e-02
1.5323499999999999e+01 8.4176062491624473e-02
1.5373250000000001e+01 9.3146359828454553e-02
1.5423000000000000e+01 1.0185852491864859e-01
1.5472750000000000e+01 1.1029204141825509e-01
1.5522500000000001e+01 1.1842713714178768e-01
1.5572250000000000e+01 1.2624482983584412e-01
1.5622000000000000e+01 1.3372697090555744e-01
1.5671749999999999e+01 1.4085628699410160e-01
1.5721500000000001e+01 1.4761641932091768e-01
1.5771250000000000e+01 1.5399196068996390e-01
1.5821000000000000e+01 1.5996849008514682e-01
1.5870749999999999e+01 1.6553260477610934e-01
1.5920500000000001e+01 1.7067194986376211e-01
1.5970250000000000e+01 1.7537524520128636e-01
1.6020000000000000e+01 1.7963230963284024e-01
1.6069749999999999e+01 1.8343408249880236e-01
1.6119499999999999e+01 1.8677264236311611e-01
1.6169250000000002e+01 1.8964122292510913e-01
1.6219000000000001e+01 1.9203422608503962e-01
1.6268750000000001e+01 1.9394723213957388e-01
1.6318500000000000e+01 1.9537700709037090e-01
1.6368250000000000e+01 1.9632150705596219e-01
1.6417999999999999e+01 1.9677987978412323e-01
1.6467749999999999e+01 1.9675246326893442e-01
1.6517499999999998e+01 1.9624078148370372e-01
1.6567250000000001e+01 1.9524753724785204e-01
1.6617000000000001e+01 1.9377660225273322e-01
1.6666750000000000e+01 1.9183300427815098e-01
1.6716500000000000e+01 1.8942291163803515e-01
1.6766249999999999e+01 1.8655361490033254e-01
1.6815999999999999e+01 1.8323350593262805e-01
1.6865749999999998e+01 1.7947205433134392e-01
1.6915500000000002e+01 1.7527978129853231e-01
1.6965250000000001e+01 1.7066823103628165e-01
1.7015000000000001e+01 1.6564993973457084e-01
1.7064750000000000e+01 1.6023840223403638e-01
1.7114500000000000e+01 1.5444803645052324e-01
1.7164249999999999e+01 1.4829414565347898e-01
1.7213999999999999e+01 1.4179287869521409e-01
1.7263750000000002e+01 1.3496118829275236e-01
1.7313500000000001e+01 1.2781678746845579e-01
1.7363250000000001e+01 1.2037810425978472e-01
1.7413000000000000e+01 1.1266423481247907e-01
1.7462750000000000e+01 1.0469489497505638e-01
1.7512499999999999e+01 9.6490370515863788e-02
1.7562249999999999e+01 8.8071466086949379e-02
1.7611999999999998e+01 7.9459453061742777e-02
1.7661750000000001e+01 7.0676016375946490e-02
1.7711500000000001e+01 6.1743200503136468e-02
1.7761250000000000e+01 5.2683354698328320e-02
1.7811000000000000e+01 4.3519077644232476e-02
1.7860749999999999e+01 3.4273161636015778e-02
1.7910499999999999e+01 2.4968536441185390e-02
1.7960249999999998e+01 1.5628212971660997e-02
1.8010000000000002e+01 6.2752269052205262e-03
1.8059750000000001e+01 -3.0674176066979426e-03
1.8109500000000001e+01 -1.2376804008414115e-02
1.8159250000000000e+01 -2.1630159051061248e-02
1.8209000000000000e+01 -3.0804908010920989e-02
1.8258749999999999e+01 -3.9878729282176402e-02
1.8308499999999999e+01 -4.8829608213066894e-02
1.8358250000000002e+01 -5.7635890056572478e-02
1.8408000000000001e+01 -6.6276331909206773e-02
1.8457750000000001e+01 -7.4730153514264611e-02
1.8507500000000000e+01 -8.2977086808895692e-02
1.8557250000000000e+01 -9.0997424097729693e-02
1.8606999999999999e+01 -9.8772064739372875e-02
1.8656749999999999e+01 -1.0628256023597571e-01
1.8706499999999998e+01 -1.1351115762020264e-01
1.8756250000000001e+01 -1.2044084103831237e-01
1.8806000000000001e+01 -1.2705537143266976e-01
1.8855750000000000e+01 -1.3333932423185405e-01
1.8905500000000000e+01 -1.3927812496156308e-01
1.8955249999999999e+01 -1.4485808269477482e-01
1.9004999999999999e+01 -1.5006642126505140e-01
1.9054749999999999e+01 -1.5489130817247912e-01
1.9104500000000002e+01 -1.5932188111750017e-01
1.9154250000000001e+01 -1.6334827210379763e-01
1.9204000000000001e+01 -1.6696162905743830e-01
1.9253750000000000e+01 -1.7015413491561521e-01
1.9303500000000000e+01 -1.7291902414459870e-01
1.9353249999999999e+01 -1.7525059665282536e-01
1.9402999999999999e+01 -1.7714422907146468e-01
1.9452750000000002e+01 -1.7859638338125589e-01
1.9502500000000001e+01 -1.7960461287090035e-01
1.9552250000000001e+01 -1.8016756541881068e-01
1.9602000000000000e+01 -1.8028498409653468e-01
1.9651750000000000e+01 -1.7995770509868325e-01
1.9701499999999999e+01 -1.7918765301067630e-01
1.9751249999999999e+01 -1.7797783343205775e-01
1.9800999999999998e+01 -1.7633232297952139e-01
1.9850750000000001e+01 -1.7425625670009665e-01
1.9900500000000001e+01 -1.7175581293117081e-01
1.9950250000000000e+01 -1.6883819565014399e-01
2.0000000000000000e+01 -1.6551161436252135e-01
