0.0000000000000000e+00 0.0000000000000000e+00
5.0000000000000003e-02 2.6037597910554327e-06
1.0000000000000001e-01 2.0820315754756272e-05
1.4999999999999999e-01 7.0213678647783925e-05
2.0000000000000001e-01 1.6625041643526797e-04
2.5000000000000000e-01 3.2425125267590863e-04
2.9999999999999999e-01 5.5934304774884645e-04
3.4999999999999998e-01 8.8641128904633746e-04
4.0000000000000002e-01 1.3200532149839591e-03
4.5000000000000001e-01 1.8745316960955512e-03
5.0000000000000000e-01 2.5637299945872440e-03
5.5000000000000004e-01 3.4011075215283604e-03
5.9999999999999998e-01 4.3996567083621884e-03
6.5000000000000002e-01 5.5718611066327131e-03
6.9999999999999996e-01 6.9296548267508340e-03
7.5000000000000000e-01 8.4843834232741066e-03
8.0000000000000004e-01 1.0246766330553604e-02
8.4999999999999998e-01 1.2226860948722152e-02
9.0000000000000002e-01 1.4434028475866183e-02
9.4999999999999996e-01 1.6876901577851131e-02
1.0000000000000000e+00 1.9563353982668414e-02
1.0500000000000000e+00 2.2500472081349220e-02
1.1000000000000001e+00 2.5694528612463290e-02
1.1499999999999999e+00 2.9150958501996303e-02
1.2000000000000000e+00 3.2874336924994939e-02
1.2500000000000000e+00 3.6868359649794680e-02
1.3000000000000000e+00 4.1135825719916953e-02
1.3500000000000001e+00 4.5678622522852354e-02
1.3999999999999999e+00 5.0497713288951314e-02
1.4500000000000000e+00 5.5593127057535476e-02
1.5000000000000000e+00 6.0963951141139637e-02
1.5500000000000000e+00 6.6608326112508220e-02
1.6000000000000001e+00 7.2523443332619009e-02
1.6499999999999999e+00 7.8705545031605845e-02
1.7000000000000000e+00 8.5149926948015237e-02
1.7500000000000000e+00 9.1850943525378009e-02
1.8000000000000000e+00 9.8802015658619152e-02
1.8500000000000001e+00 1.0599564097638643e-01
1.8999999999999999e+00 1.1342340663896013e-01
1.9500000000000000e+00 1.2107600462504149e-01
2.0000000000000000e+00 1.2894324947440208e-01
2.0499999999999998e+00 1.3701409844714743e-01
2.1000000000000001e+00 1.4527667405420636e-01
2.1499999999999999e+00 1.5371828890761868e-01
2.2000000000000002e+00 1.6232547283328749e-01
2.2500000000000000e+00 1.7108400218307931e-01
2.2999999999999998e+00 1.7997893127753342e-01
2.3500000000000001e+00 1.8899462590497768e-01
2.3999999999999999e+00 1.9811479879756685e-01
2.4500000000000002e+00 2.0732254699966601e-01
2.5000000000000000e+00 2.1660039103911358e-01
2.5499999999999998e+00 2.2593031580722603e-01
2.6000000000000001e+00 2.3529381304896385e-01
2.6499999999999999e+00 2.4467192536046822e-01
2.7000000000000002e+00 2.5404529158722744e-01
2.7500000000000000e+00 2.6339419351242743e-01
2.7999999999999998e+00 2.7269860372162041e-01
2.8500000000000001e+00 2.8193823452668426e-01
2.8999999999999999e+00 2.9109258782918684e-01
2.9500000000000002e+00 3.0014100580068975e-01
3.0000000000000000e+00 3.0906272225525161e-01
3.0499999999999998e+00 3.1783691458742053e-01
3.1000000000000001e+00 3.2644275614734097e-01
3.1499999999999999e+00 3.3485946892325852e-01
3.2000000000000002e+00 3.4306637640066812e-01
3.2500000000000000e+00 3.5104295646664990e-01
3.2999999999999998e+00 3.5876889422754182e-01
3.3500000000000001e+00 3.6622413460804237e-01
3.3999999999999999e+00 3.7338893460009009e-01
3.4500000000000002e+00 3.8024391503045485e-01
3.5000000000000000e+00 3.8677011171688136e-01
3.5499999999999998e+00 3.9294902588385333e-01
3.6000000000000001e+00 3.9876267371058793e-01
3.6499999999999999e+00 4.0419363488573684e-01
3.7000000000000002e+00 4.0922510004543117e-01
3.7500000000000000e+00 4.1384091697379072e-01
3.7999999999999998e+00 4.1802563544778559e-01
3.8500000000000001e+00 4.2176455061140633e-01
3.8999999999999999e+00 4.2504374476745610e-01
3.9500000000000002e+00 4.2785012747890111e-01
4.0000000000000000e+00 4.3017147387562193e-01
4.0499999999999998e+00 4.3199646106656392e-01
4.0999999999999996e+00 4.3331470256169274e-01
4.1500000000000004e+00 4.3411678061281544e-01
4.2000000000000002e+00 4.3439427638720080e-01
4.2500000000000000e+00 4.3413979789302665e-01
4.2999999999999998e+00 4.3334700558098233e-01
4.3499999999999996e+00 4.3201063555184360e-01
4.4000000000000004e+00 4.3012652030550869e-01
4.4500000000000002e+00 4.2769160697281727e-01
4.5000000000000000e+00 4.2470397297745555e-01
4.5499999999999998e+00 4.2116283908138635e-01
4.5999999999999996e+00 4.1706857977346734e-01
4.6500000000000004e+00 4.1242273096729121e-01
4.7000000000000002e+00 4.0722799498071294e-01
4.7500000000000000e+00 4.0148824277605105e-01
4.7999999999999998e+00 3.9520851344653085e-01
4.8499999999999996e+00 3.8839501094116202e-01
4.9000000000000004e+00 3.8105509802688864e-01
4.9500000000000002e+00 3.7319728749352954e-01
5.0000000000000000e+00 3.6483123061366701e-01
5.0499999999999998e+00 3.5596770287630497e-01
5.0999999999999996e+00 3.4661858701970660e-01
5.1500000000000004e+00 3.3679685339538429e-01
5.2000000000000002e+00 3.2651653770169792e-01
5.2500000000000000e+00 3.1579271613191562e-01
5.2999999999999998e+00 3.0464147798790386e-01
5.3499999999999996e+00 2.9307989581679050e-01
5.4000000000000004e+00 2.8112599313401432e-01
5.4500000000000002e+00 2.6879870980208098e-01
5.5000000000000000e+00 2.5611786514010704e-01
5.5499999999999998e+00 2.4310411884481400e-01
5.5999999999999996e+00 2.2977892980903608e-01
5.6500000000000004e+00 2.1616451292899783e-01
5.7000000000000002e+00 2.0228379399660490e-01
5.7500000000000000e+00 1.8816036277775575e-01
5.7999999999999998e+00 1.7381842438220413e-01
5.8499999999999996e+00 1.5928274903478057e-01
5.9000000000000004e+00 1.4457862036180130e-01
5.9500000000000002e+00 1.2973178231024846e-01
6.0000000000000000e+00 1.1476838482077517e-01
6.0499999999999998e+00 9.9714928378787607e-02
6.0999999999999996e+00 8.4598207570745251e-02
6.1500000000000004e+00 6.9445253775423266e-02
6.2000000000000002e+00 5.4283277122166303e-02
6.2500000000000000e+00 3.9139607850138647e-02
6.2999999999999998e+00 2.4041637204240070e-02
6.3499999999999996e+00 9.0167580046867160e-03
6.4000000000000004e+00 -5.9076949717315856e-03
6.4500000000000002e+00 -2.0704504660018982e-02
6.5000000000000000e+00 -3.5346631285922518e-02
6.5499999999999998e+00 -4.9807271716390752e-02
6.5999999999999996e+00 -6.4059918442787411e-02
6.6500000000000004e+00 -7.8078418058741786e-02
6.7000000000000002e+00 -9.1837029095493378e-02
6.7500000000000000e+00 -1.0531047907888462e-01
6.7999999999999998e+00 -1.1847402067378349e-01
6.8499999999999996e+00 -1.3130348678365911e-01
6.9000000000000004e+00 -1.4377534447530141e-01
6.9500000000000002e+00 -1.5586674760124339e-01
7.0000000000000000e+00 -1.6755558799533432e-01
7.0499999999999998e+00 -1.7882054512008119e-01
7.0999999999999996e+00 -1.8964113404785479e-01
7.1500000000000004e+00 -1.9999775166180403e-01
7.2000000000000002e+00 -2.0987172096636098e-01
7.2500000000000000e+00 -2.1924533340150815e-01
7.2999999999999998e+00 -2.2810188905952475e-01
7.3499999999999996e+00 -2.3642573470773784e-01
7.4000000000000004e+00 -2.4420229952582104e-01
7.4500000000000002e+00 -2.5141812847143302e-01
7.5000000000000000e+00 -2.5806091319346031e-01
7.5499999999999998e+00 -2.6411952041776326e-01
7.5999999999999996e+00 -2.6958401773618407e-01
7.6500000000000004e+00 -2.7444569673556529e-01
7.7000000000000002e+00 -2.7869709340970189e-01
7.7500000000000000e+00 -2.8233200580344242e-01
7.7999999999999998e+00 -2.8534550884459164e-01
7.8499999999999996e+00 -2.8773396632579706e-01
7.9000000000000004e+00 -2.8949504000523762e-01
7.9500000000000002e+00 -2.9062769580164372e-01
8.0000000000000000e+00 -2.9113220706595228e-01
8.0500000000000007e+00 -2.9101015491871707e-01
8.0999999999999996e+00 -2.9026442564925165e-01
8.1500000000000004e+00 -2.8889920517934370e-01
8.1999999999999993e+00 -2.8691997060124297e-01
8.2500000000000000e+00 -2.8433347880647231e-01
8.3000000000000007e+00 -2.8114775222882077e-01
8.3499999999999996e+00 -2.7737206173163353e-01
8.4000000000000004e+00 -2.7301690667621209e-01
8.4499999999999993e+00 -2.6809399221474328e-01
8.5000000000000000e+00 -2.6261620385768486e-01
8.5500000000000007e+00 -2.5659757937193911e-01
8.5999999999999996e+00 -2.5005327807240374e-01
8.6500000000000004e+00 -2.4299954757561876e-01
8.6999999999999993e+00 -2.3545368809018966e-01
8.7500000000000000e+00 -2.2743401432445565e-01
8.8000000000000007e+00 -2.1895981509748089e-01
8.8499999999999996e+00 -2.1005131074484046e-01
8.9000000000000004e+00 -2.0072960841587212e-01
8.9499999999999993e+00 -1.9101665536402426e-01
9.0000000000000000e+00 -1.8093519033665670e-01
9.0500000000000007e+00 -1.7050869317513154e-01
9.0999999999999996e+00 -1.5976133274024495e-01
9.1500000000000004e+00 -1.4871791328200692e-01
9.1999999999999993e+00 -1.3740381937644017e-01
9.2500000000000000e+00 -1.2584495955544817e-01
9.3000000000000007e+00 -1.1406770875890371e-01
9.3499999999999996e+00 -1.0209884974087199e-01
9.4000000000000004e+00 -8.9965513564367910e-02
9.4499999999999993e+00 -7.7695119321208747e-02
9.5000000000000000e+00 -6.5315313215343757e-02
9.5500000000000007e+00 -5.2853907149570993e-02
9.5999999999999996e+00 -4.0338816956720862e-02
9.6500000000000004e+00 -2.7798000417240031e-02
9.6999999999999993e+00 -1.5259395205638225e-02
9.7500000000000000e+00 -2.7508569084113213e-03
9.8000000000000007e+00 9.6999027440588040e-03
9.8499999999999996e+00 2.2065377289656483e-02
9.9000000000000004e+00 3.4318326449560073e-02
9.9499999999999993e+00 4.6431836406137586e-02
1.0000000000000000e+01 5.8379379305186670e-02
1.0050000000000001e+01 7.0134871845799834e-02
1.0100000000000000e+01 8.1672732823276653e-02
1.0150000000000000e+01 9.2967939492950236e-02
1.0199999999999999e+01 1.0399608262554533e-01
1.0250000000000000e+01 1.1473342012777284e-01
1.0300000000000001e+01 1.2515692910519319e-01
1.0350000000000000e+01 1.3524435624806572e-01
1.0400000000000000e+01 1.4497426642480282e-01
1.0449999999999999e+01 1.5432608937186007e-01
1.0500000000000000e+01 1.6328016437336274e-01
1.0550000000000001e+01 1.7181778282845808e-01
1.0600000000000000e+01 1.7992122860936335e-01
1.0650000000000000e+01 1.8757381611823182e-01
1.0699999999999999e+01 1.9475992595636618e-01
1.0750000000000000e+01 2.0146503812490513e-01
1.0800000000000001e+01 2.0767576268188187e-01
1.0850000000000000e+01 2.1337986778652956e-01
1.0900000000000000e+01 2.1856630506781480e-01
1.0949999999999999e+01 2.2322523226045324e-01
1.1000000000000000e+01 2.2734803305806742e-01
1.1050000000000001e+01 2.3092733413964547e-01
1.1100000000000000e+01 2.3395701933209537e-01
1.1150000000000000e+01 2.3643224087837578e-01
1.1199999999999999e+01 2.3834942778746301e-01
1.1250000000000000e+01 2.3970629124923720e-01
1.1300000000000001e+01 2.4050182710423074e-01
1.1350000000000000e+01 2.4073631536506562e-01
1.1400000000000000e+01 2.4041131679329350e-01
1.1449999999999999e+01 2.3952966654222746e-01
1.1500000000000000e+01 2.3809546488319874e-01
1.1550000000000001e+01 2.3611406503948371e-01
1.1600000000000000e+01 2.3359205815887524e-01
1.1650000000000000e+01 2.3053725546255241e-01
1.1699999999999999e+01 2.2695866761447009e-01
1.1750000000000000e+01 2.2286648136195561e-01
1.1800000000000001e+01 2.1827203350454827e-01
1.1850000000000000e+01 2.1318778225432217e-01
1.1900000000000000e+01 2.0762727605698186e-01
1.1949999999999999e+01 2.0160511994891639e-01
1.2000000000000000e+01 1.9513693953109265e-01
1.2050000000000001e+01 1.8823934264619352e-01
1.2100000000000000e+01 1.8092987885069797e-01
1.2150000000000000e+01 1.7322699677869793e-01
1.2199999999999999e+01 1.6514999949909578e-01
1.2250000000000000e+01 1.5671899797243402e-01
1.2300000000000001e+01 1.4795486271797964e-01
1.2350000000000000e+01 1.3887917380575845e-01
1.2400000000000000e+01 1.2951416929208076e-01
1.2449999999999999e+01 1.1988269222061852e-01
1.2500000000000000e+01 1.1000813631434929e-01
1.2550000000000001e+01 9.9914390486635848e-02
1.2600000000000000e+01 8.9625782302349077e-02
1.2650000000000000e+01 7.9167020522280862e-02
1.2699999999999999e+01 6.8563136866107141e-02
1.2750000000000000e+01 5.7839427130867649e-02
1.2800000000000001e+01 4.7021391803287162e-02
1.2850000000000000e+01 3.6134676305323334e-02
1.2900000000000000e+01 2.5205011013029514e-02
1.2949999999999999e+01 1.4258151189211683e-02
1.3000000000000000e+01 3.3198169704072929e-03
1.3050000000000001e+01 -7.5843664515698730e-03
1.3100000000000000e+01 -1.8428928313872227e-02
1.3150000000000000e+01 -2.9188611293971267e-02
1.3199999999999999e+01 -3.9838429910670853e-02
1.3250000000000000e+01 -5.0353728178964718e-02
1.3300000000000001e+01 -6.0710236384799499e-02
1.3350000000000000e+01 -7.0884126848052800e-02
1.3400000000000000e+01 -8.0852068544558495e-02
1.3449999999999999e+01 -9.0591280460851298e-02
1.3500000000000000e+01 -1.0007958355844945e-01
1.3550000000000001e+01 -1.0929545122789139e-01
1.3600000000000000e+01 -1.1821805811647766e-01
1.3650000000000000e+01 -1.2682732721761389e-01
1.3699999999999999e+01 -1.3510397511390251e-01
1.3750000000000000e+01 -1.4302955527061431e-01
1.3800000000000001e+01 -1.5058649928089080e-01
1.3850000000000000e+01 -1.5775815596899495e-01
1.3900000000000000e+01 -1.6452882826308418e-01
1.3949999999999999e+01 -1.7088380775437093e-01
1.4000000000000000e+01 -1.7680940686509611e-01
1.4050000000000001e+01 -1.8229298855347900e-01
1.4100000000000000e+01 -1.8732299348973594e-01
1.4150000000000000e+01 -1.9188896464329935e-01
1.4199999999999999e+01 -1.9598156922756843e-01
1.4250000000000000e+01 -1.9959261795485145e-01
1.4300000000000001e+01 -2.0271508156055690e-01
1.4350000000000000e+01 -2.0534310456222080e-01
1.4400000000000000e+01 -2.0747201622552985e-01
1.4449999999999999e+01 -2.0909833871614830e-01
1.4500000000000000e+01 -2.1021979242284100e-01
1.4550000000000001e+01 -2.1083529844409912e-01
1.4600000000000000e+01 -2.1094497823719502e-01
1.4650000000000000e+01 -2.1055015043531439e-01
1.4699999999999999e+01 -2.0965332484510851e-01
1.4750000000000000e+01 -2.0825819364366996e-01
1.4800000000000001e+01 -2.0636961980054108e-01
1.4850000000000000e+01 -2.0399362275690461e-01
1.4900000000000000e+01 -2.0113736140055352e-01
1.4949999999999999e+01 -1.9780911438160131e-01
1.5000000000000000e+01 -1.9401825782012266e-01
1.5050000000000001e+01 -1.8977524046303240e-01
1.5100000000000000e+01 -1.8509155635347568e-01
1.5150000000000000e+01 -1.7997971508180396e-01
1.5199999999999999e+01 -1.7445320969286590e-01
1.5250000000000000e+01 -1.6852648232976863e-01
1.5300000000000001e+01 -1.6221488769954728e-01
1.5350000000000000e+01 -1.5553465445120565e-01
1.5400000000000000e+01 -1.4850284456142293e-01
1.5449999999999999e+01 -1.4113731082781086e-01
1.5500000000000000e+01 -1.3345665257394435e-01
1.5550000000000001e+01 -1.2548016967450434e-01
1.5600000000000000e+01 -1.1722781501266291e-01
1.5650000000000000e+01 -1.0872014548543556e-01
1.5699999999999999e+01 -9.9978271675987204e-02
1.5750000000000000e+01 -9.1023806314850519e-02
1.5800000000000001e+01 -8.1878811654749847e-02
1.5850000000000000e+01 -7.2565745886075075e-02
1.5900000000000000e+01 -6.3107408722164235e-02
1.5949999999999999e+01 -5.3526886285325641e-02
1.6000000000000000e+01 -4.3847495425981188e-02
1.6050000000000001e+01 -3.4092727608475260e-02
1.6100000000000001e+01 -2.4286192497896038e-02
1.6149999999999999e+01 -1.4451561382782247e-02
1.6199999999999999e+01 -4.6125105687432029e-03
1.6250000000000000e+01 5.2073351220916055e-03
1.6300000000000001e+01 1.4984458611380974e-02
1.6350000000000001e+01 2.4695506450975378e-02
1.6399999999999999e+01 3.4317344202872170e-02
1.6449999999999999e+01 4.3827111181605642e-02
1.6500000000000000e+01 5.3202274429654257e-02
1.6550000000000001e+01 6.2420681798528777e-02
1.6600000000000001e+01 7.1460614010497484e-02
1.6649999999999999e+01 8.0300835578571955e-02
1.6699999999999999e+01 8.8920644465284207e-02
1.6750000000000000e+01 9.7299920363982564e-02
1.6800000000000001e+01 1.0541917148988139e-01
1.6850000000000001e+01 1.1325957977180384e-01
1.6899999999999999e+01 1.2080304433958326e-01
1.6949999999999999e+01 1.2803222320632388e-01
1.7000000000000000e+01 1.3493057304919326e-01
1.7050000000000001e+01 1.4148238699713878e-01
1.7100000000000001e+01 1.4767283033881870e-01
1.7149999999999999e+01 1.5348797406916884e-01
1.7199999999999999e+01 1.5891482619832190e-01
1.7250000000000000e+01 1.6394136075207985e-01
1.7300000000000001e+01 1.6855654439878251e-01
1.7350000000000001e+01 1.7275036064320132e-01
1.7399999999999999e+01 1.7651383153401290e-01
1.7449999999999999e+01 1.7983903683745192e-01
1.7500000000000000e+01 1.8271913063588391e-01
1.7550000000000001e+01 1.8514835531628540e-01
1.7600000000000001e+01 1.8712205291992653e-01
1.7649999999999999e+01 1.8863667383091920e-01
1.7699999999999999e+01 1.8968978278772261e-01
1.7750000000000000e+01 1.9028006220812999e-01
1.7800000000000001e+01 1.9040731282472889e-01
1.7850000000000001e+01 1.9007245163427766e-01
1.7899999999999999e+01 1.8927750717088362e-01
1.7949999999999999e+01 1.8802561211927035e-01
1.8000000000000000e+01 1.8632099329078031e-01
1.8050000000000001e+01 1.8416895899105312e-01
1.8100000000000001e+01 1.8157588381452947e-01
1.8149999999999999e+01 1.7854919090705881e-01
1.8199999999999999e+01 1.7509733174389189e-01
1.8250000000000000e+01 1.7122976347623831e-01
1.8300000000000001e+01 1.6695692390531622e-01
1.8350000000000001e+01 1.6229020414842424e-01
1.8399999999999999e+01 1.5724191906701260e-01
1.8449999999999999e+01 1.5182527553197922e-01
1.8500000000000000e+01 1.4605433860651237e-01
1.8550000000000001e+01 1.3994399573164765e-01
1.8600000000000001e+01 1.3350991900439624e-01
1.8649999999999999e+01 1.2676852564271709e-01
1.8699999999999999e+01 1.1973693673582415e-01
1.8750000000000000e+01 1.1243293438227864e-01
1.8800000000000001e+01 1.0487491732201631e-01
1.8850000000000001e+01 9.7081855171923109e-02
1.8899999999999999e+01 8.9073241377735160e-02
1.8949999999999999e+01 8.0869044997948336e-02
1.9000000000000000e+01 7.2489661438052369e-02
1.9050000000000001e+01 6.3955862255709178e-02
1.9100000000000001e+01 5.5288744159555668e-02
1.9149999999999999e+01 4.6509677326042373e-02
1.9199999999999999e+01 3.7640253160136375e-02
1.9250000000000000e+01 2.8702231626885535e-02
1.9300000000000001e+01 1.9717488281613946e-02
1.9350000000000001e+01 1.0707961127077382e-02
1.9399999999999999e+01 1.6955974260718725e-03
1.9449999999999999e+01 -7.2976994020901298e-03
1.9500000000000000e+01 -1.6250122673252348e-02
1.9550000000000001e+01 -2.5140014990985886e-02
1.9600000000000001e+01 -3.3945920333818727e-02
1.9649999999999999e+01 -4.2646635552232796e-02
1.9699999999999999e+01 -5.1221261152176296e-02
1.9750000000000000e+01 -5.9649251243739522e-02
1.9800000000000001e+01 -6.7910462535902841e-02
1.9850000000000001e+01 -7.5985202260727983e-02
1.9899999999999999e+01 -8.3854274913168547e-02
1.9949999999999999e+01 -9.1499027695722476e-02
2.0000000000000000e+01 -9.8901394560449579e-02
