0.0000000000000000e+00 0.0000000000000000e+00
5.0000000000000003e-02 3.1243490091938472e-04
1.0000000000000001e-01 1.2489586587999192e-03
1.4999999999999999e-01 2.8072302689956105e-03
2.0000000000000001e-01 4.9833541527835650e-03
2.5000000000000000e-01 7.7718892859626777e-03
2.9999999999999999e-01 1.1165861949063964e-02
3.4999999999999998e-01 1.5156782069428491e-02
4.0000000000000002e-01 1.9734663117030270e-02
4.5000000000000001e-01 2.4888045507632246e-02
5.0000000000000000e-01 3.0604023458682638e-02
5.5000000000000004e-01 3.6868275235306558e-02
5.9999999999999998e-01 4.3665096715841671e-02
6.5000000000000002e-01 5.0977438198626497e-02
6.9999999999999996e-01 5.8786944364191698e-02
7.5000000000000000e-01 6.7073997299650551e-02
8.0000000000000004e-01 7.5817762484944734e-02
8.4999999999999998e-01 8.4996237633700927e-02
9.0000000000000002e-01 9.4586304274801164e-02
9.4999999999999996e-01 1.0456378195438519e-01
1.0000000000000000e+00 1.1490348493190050e-01
1.0500000000000000e+00 1.2557928123800863e-01
1.1000000000000001e+00 1.3656415395665805e-01
1.1499999999999999e+00 1.4783026458846010e-01
1.2000000000000000e+00 1.5934901834766310e-01
1.2500000000000000e+00 1.7109113124052355e-01
1.3000000000000000e+00 1.8302669876873762e-01
1.3500000000000001e+00 1.9512526609782199e-01
1.3999999999999999e+00 2.0735589952693204e-01
1.4500000000000000e+00 2.1968725909359643e-01
1.5000000000000000e+00 2.3208767214421475e-01
1.5500000000000000e+00 2.4452520769893740e-01
1.6000000000000001e+00 2.5696775143771977e-01
1.6499999999999999e+00 2.6938308113291287e-01
1.7000000000000000e+00 2.8173894235274127e-01
1.7500000000000000e+00 2.9400312425941216e-01
1.8000000000000000e+00 3.0614353532540295e-01
1.8500000000000001e+00 3.1812827879170086e-01
1.8999999999999999e+00 3.2992572769238715e-01
1.9500000000000000e+00 3.4150459927101146e-01
2.0000000000000000e+00 3.5283402861563773e-01
2.0499999999999998e+00 3.6388364134130718e-01
2.1000000000000001e+00 3.7462362515090358e-01
2.1499999999999999e+00 3.8502480010806278e-01
2.2000000000000002e+00 3.9505868745879330e-01
2.2500000000000000e+00 4.0469757684189717e-01
2.2999999999999998e+00 4.1391459173206196e-01
2.3500000000000001e+00 4.2268375296364802e-01
2.3999999999999999e+00 4.3098004018769870e-01
2.4500000000000002e+00 4.3877945111955408e-01
2.5000000000000000e+00 4.4605905843961724e-01
2.5499999999999998e+00 4.5279706421533578e-01
2.6000000000000001e+00 4.5897285171825281e-01
2.6499999999999999e+00 4.6456703451609005e-01
2.7000000000000002e+00 4.6956150272619945e-01
2.7500000000000000e+00 4.7393946632335171e-01
2.7999999999999998e+00 4.7768549540173638e-01
2.8500000000000001e+00 4.8078555729814415e-01
2.8999999999999999e+00 4.8322705049065495e-01
2.9500000000000002e+00 4.8499883519467668e-01
3.0000000000000000e+00 4.8609126058589119e-01
3.0499999999999998e+00 4.8649618858754262e-01
3.1000000000000001e+00 4.8620701416750894e-01
3.1499999999999999e+00 4.8521868209874663e-01
3.2000000000000002e+00 4.8352770014493845e-01
3.2500000000000000e+00 4.8113214864150633e-01
3.2999999999999998e+00 4.7803168645054595e-01
3.3500000000000001e+00 4.7422755327668847e-01
3.3999999999999999e+00 4.6972256833935777e-01
3.4500000000000002e+00 4.6452112540537227e-01
3.5000000000000000e+00 4.5862918419430748e-01
3.5499999999999998e+00 4.5205425817745720e-01
3.6000000000000001e+00 4.4480539879961795e-01
3.6499999999999999e+00 4.3689317616122436e-01
3.7000000000000002e+00 4.2832965620657576e-01
3.7500000000000000e+00 4.1912837447200341e-01
3.7999999999999998e+00 4.0930430645579136e-01
3.8500000000000001e+00 3.9887383467950216e-01
3.8999999999999999e+00 3.8785471251800940e-01
3.9500000000000002e+00 3.7626602488300892e-01
4.0000000000000000e+00 3.6412814585207282e-01
4.0499999999999998e+00 3.5146269334232949e-01
4.0999999999999996e+00 3.3829248093471304e-01
4.1500000000000004e+00 3.2464146696125395e-01
4.2000000000000002e+00 3.1053470097421221e-01
4.2500000000000000e+00 2.9599826772185167e-01
4.2999999999999998e+00 2.8105922876139999e-01
4.3499999999999996e+00 2.6574556184513759e-01
4.4000000000000004e+00 2.5008609822066435e-01
4.4500000000000002e+00 2.3411045799115809e-01
4.5000000000000000e+00 2.1784898368584552e-01
4.5499999999999998e+00 2.0133267219499590e-01
4.5999999999999996e+00 1.8459310522742625e-01
4.6500000000000004e+00 1.6766237845185894e-01
4.7000000000000002e+00 1.5057302948641871e-01
4.7500000000000000e+00 1.3335796490311694e-01
4.7999999999999998e+00 1.1605038641636771e-01
4.8499999999999996e+00 9.8683716426337775e-02
4.9000000000000004e+00 8.1291523089329965e-02
4.9500000000000002e+00 6.3907445088372525e-02
5.0000000000000000e+00 4.6565116277752290e-02
5.0499999999999998e+00 2.9298090375412790e-02
5.0999999999999996e+00 1.2139765876880471e-02
5.1500000000000004e+00 -4.8766886362501781e-03
5.2000000000000002e+00 -2.1718408621291249e-02
5.2500000000000000e+00 -3.8352906962372729e-02
5.2999999999999998e+00 -5.4748146452599206e-02
5.3499999999999996e+00 -7.0872611204010047e-02
5.4000000000000004e+00 -8.6695376821522174e-02
5.4500000000000002e+00 -1.0218617918003796e-01
5.5000000000000000e+00 -1.1731548164728750e-01
5.5499999999999998e+00 -1.3205454059870658e-01
5.5999999999999996e+00 -1.4637546907476007e-01
5.6500000000000004e+00 -1.6025129843555869e-01
5.7000000000000002e+00 -1.7365603787240805e-01
5.7500000000000000e+00 -1.8656473164101686e-01
5.7999999999999998e+00 -1.9895351388652041e-01
5.8499999999999996e+00 -2.1079966093618313e-01
5.9000000000000004e+00 -2.2208164094164173e-01
5.9500000000000002e+00 -2.3277916075882168e-01
6.0000000000000000e+00 -2.4287320996018547e-01
6.0499999999999998e+00 -2.5234610188073042e-01
6.0999999999999996e+00 -2.6118151160614772e-01
6.1500000000000004e+00 -2.6936451081874702e-01
6.2000000000000002e+00 -2.7688159942413726e-01
6.2500000000000000e+00 -2.8372073388921670e-01
6.2999999999999998e+00 -2.8987135222972832e-01
6.3499999999999996e+00 -2.9532439559350276e-01
6.4000000000000004e+00 -3.0007232639346387e-01
6.4500000000000002e+00 -3.0410914295254682e-01
6.5000000000000000e+00 -3.0743039063082850e-01
6.5499999999999998e+00 -3.1003316941336984e-01
6.5999999999999996e+00 -3.1191613794552914e-01
6.6500000000000004e+00 -3.1307951401077072e-01
6.7000000000000002e+00 -3.1352507145427327e-01
6.7500000000000000e+00 -3.1325613356389798e-01
6.7999999999999998e+00 -3.1227756292829789e-01
6.8499999999999996e+00 -3.1059574780012333e-01
6.9000000000000004e+00 -3.0821858500036159e-01
6.9500000000000002e+00 -3.0515545940785715e-01
7.0000000000000000e+00 -3.0141722008594007e-01
7.0499999999999998e+00 -2.9701615310585006e-01
7.0999999999999996e+00 -2.9196595113425144e-01
7.1500000000000004e+00 -2.8628167985957587e-01
7.2000000000000002e+00 -2.7997974133918935e-01
7.2500000000000000e+00 -2.7307783435643224e-01
7.2999999999999998e+00 -2.6559491188343692e-01
7.3499999999999996e+00 -2.5755113575221461e-01
7.4000000000000004e+00 -2.4896782864288530e-01
7.4500000000000002e+00 -2.3986742350400719e-01
7.5000000000000000e+00 -2.3027341052579028e-01
7.5499999999999998e+00 -2.2021028179251137e-01
7.5999999999999996e+00 -2.0970347374567183e-01
7.6500000000000004e+00 -1.9877930759435736e-01
7.7000000000000002e+00 -1.8746492781384405e-01
7.7500000000000000e+00 -1.7578823887775366e-01
7.7999999999999998e+00 -1.6377784037295653e-01
7.8499999999999996e+00 -1.5146296064998205e-01
7.9000000000000004e+00 -1.3887338916488531e-01
7.9500000000000002e+00 -1.2603940767132643e-01
8.0000000000000000e+00 -1.1299172042407524e-01
8.0500000000000007e+00 -9.9761383557218766e-02
8.0999999999999996e+00 -8.6379733802009140e-02
8.1500000000000004e+00 -7.2878316710591154e-02
8.1999999999999993e+00 -5.9288814552752180e-02
8.2500000000000000e+00 -4.5642974053315077e-02
8.3000000000000007e+00 -3.1972534137934473e-02
8.3499999999999996e+00 -1.8309153854751271e-02
8.4000000000000004e+00 -4.6843406386910735e-03
8.4499999999999993e+00 8.8706209158649525e-03
8.5000000000000000e+00 2.2324739609784056e-02
8.5500000000000007e+00 3.5647387358819005e-02
8.5999999999999996e+00 4.8808367917975173e-02
8.6500000000000004e+00 6.1777984452978253e-02
8.6999999999999993e+00 7.4527105804172059e-02
8.7500000000000000e+00 8.7027231291494450e-02
8.8000000000000007e+00 9.9250553912832495e-02
8.8499999999999996e+00 1.1117002179207908e-01
8.9000000000000004e+00 1.2275939773753110e-01
8.9499999999999993e+00 1.3399331677594212e-01
9.0000000000000000e+00 1.4484734153250420e-01
9.0500000000000007e+00 1.5529801533229221e-01
9.0999999999999996e+00 1.6532291290426618e-01
9.1500000000000004e+00 1.7490068857472785e-01
9.1999999999999993e+00 1.8401112184322210e-01
9.2500000000000000e+00 1.9263516024018129e-01
9.3000000000000007e+00 2.0075495937215643e-01
9.3499999999999996e+00 2.0835392006723988e-01
9.4000000000000004e+00 2.1541672254023592e-01
9.4499999999999993e+00 2.2192935750425152e-01
9.5000000000000000e+00 2.2787915416269189e-01
9.5500000000000007e+00 2.3325480502305759e-01
9.5999999999999996e+00 2.3804638748151535e-01
9.6500000000000004e+00 2.4224538213487254e-01
9.6999999999999993e+00 2.4584468778434418e-01
9.7500000000000000e+00 2.4883863310333504e-01
9.8000000000000007e+00 2.5122298494932865e-01
9.8499999999999996e+00 2.5299495330790189e-01
9.9000000000000004e+00 2.5415319286479904e-01
9.9499999999999993e+00 2.5469780120993968e-01
1.0000000000000000e+01 2.5463031368512062e-01
1.0050000000000001e+01 2.5395369489505043e-01
1.0100000000000000e+01 2.5267232690914204e-01
1.0150000000000000e+01 2.5079199418922293e-01
1.0199999999999999e+01 2.4831986528594563e-01
1.0250000000000000e+01 2.4526447135419224e-01
1.0300000000000001e+01 2.4163568154515488e-01
1.0350000000000000e+01 2.3744467533999997e-01
1.0400000000000000e+01 2.3270391189709205e-01
1.0449999999999999e+01 2.2742709649164383e-01
1.0500000000000000e+01 2.2162914413333143e-01
1.0550000000000001e+01 2.1532614045390355e-01
1.0600000000000000e+01 2.0853529996303727e-01
1.0650000000000000e+01 2.0127492177670889e-01
1.0699999999999999e+01 1.9356434292808372e-01
1.0750000000000000e+01 1.8542388937639634e-01
1.0800000000000001e+01 1.7687482483449529e-01
1.0850000000000000e+01 1.6793929754060719e-01
1.0900000000000000e+01 1.5864028510446984e-01
1.0949999999999999e+01 1.4900153756226436e-01
1.1000000000000000e+01 1.3904751877870133e-01
1.1050000000000001e+01 1.2880334633825782e-01
1.1100000000000000e+01 1.1829473007080329e-01
1.1150000000000000e+01 1.0754790935978828e-01
1.1199999999999999e+01 9.6589589383735339e-02
1.1250000000000000e+01 8.5446876443953088e-02
1.1300000000000001e+01 7.4147212533258025e-02
1.1350000000000000e+01 6.2718309301929578e-02
1.1400000000000000e+01 5.1188081578226789e-02
1.1449999999999999e+01 3.9584580601517372e-02
1.1500000000000000e+01 2.7935927126391404e-02
1.1550000000000001e+01 1.6270244556129847e-02
1.1600000000000000e+01 4.6155922634461589e-03
1.1650000000000000e+01 -7.0001007443270631e-03
1.1699999999999999e+01 -1.8549101659608269e-02
1.1750000000000000e+01 -3.0003939054025597e-02
1.1800000000000001e+01 -4.1337467250364163e-02
1.1850000000000000e+01 -5.2522929736660541e-02
1.1900000000000000e+01 -6.3534021474703065e-02
1.1949999999999999e+01 -7.4344949958128556e-02
1.2000000000000000e+01 -8.4930494878604754e-02
1.2050000000000001e+01 -9.5266066262179358e-02
1.2100000000000000e+01 -1.0532776094183612e-01
1.2150000000000000e+01 -1.1509241723651564e-01
1.2199999999999999e+01 -1.2453766771141617e-01
1.2250000000000000e+01 -1.3364198989922635e-01
1.2300000000000001e+01 -1.4238475486703123e-01
1.2350000000000000e+01 -1.5074627351903491e-01
1.2400000000000000e+01 -1.5870784053083672e-01
1.2449999999999999e+01 -1.6625177581688247e-01
1.2500000000000000e+01 -1.7336146343878264e-01
1.2550000000000001e+01 -1.8002138786848534e-01
1.2600000000000000e+01 -1.8621716752677425e-01
1.2650000000000000e+01 -1.9193558552422083e-01
1.2699999999999999e+01 -1.9716461753854331e-01
1.2750000000000000e+01 -2.0189345676928336e-01
1.2800000000000001e+01 -2.0611253591780873e-01
1.2850000000000000e+01 -2.0981354614784459e-01
1.2900000000000000e+01 -2.1298945298903466e-01
1.2949999999999999e+01 -2.1563450915339571e-01
1.3000000000000000e+01 -2.1774426424195675e-01
1.3050000000000001e+01 -2.1931557132633925e-01
1.3100000000000000e+01 -2.2034659039751434e-01
1.3150000000000000e+01 -2.2083678868146989e-01
1.3199999999999999e+01 -2.2078693782898515e-01
1.3250000000000000e+01 -2.2019910799416093e-01
1.3300000000000001e+01 -2.1907665882373892e-01
1.3350000000000000e+01 -2.1742422738657138e-01
1.3400000000000000e+01 -2.1524771307983928e-01
1.3449999999999999e+01 -2.1255425955575655e-01
1.3500000000000000e+01 -2.0935223371951167e-01
1.3550000000000001e+01 -2.0565120185608662e-01
1.3600000000000000e+01 -2.0146190295031643e-01
1.3650000000000000e+01 -1.9679621927112217e-01
1.3699999999999999e+01 -1.9166714429722403e-01
1.3750000000000000e+01 -1.8608874806782877e-01
1.3800000000000001e+01 -1.8007614004775122e-01
1.3850000000000000e+01 -1.7364542960217214e-01
1.3900000000000000e+01 -1.6681368418174639e-01
1.3949999999999999e+01 -1.5959888532401348e-01
1.4000000000000000e+01 -1.5201988258205951e-01
1.4050000000000001e+01 -1.4409634549609343e-01
1.4100000000000000e+01 -1.3584871372800650e-01
1.4150000000000000e+01 -1.2729814548313301e-01
1.4199999999999999e+01 -1.1846646434724485e-01
1.4250000000000000e+01 -1.0937610467030606e-01
1.4300000000000001e+01 -1.0005005563171998e-01
1.4350000000000000e+01 -9.0511804124638065e-02
1.4400000000000000e+01 -8.0785276599428232e-02
1.4449999999999999e+01 -7.0894780008577019e-02
1.4500000000000000e+01 -6.0864941997128372e-02
1.4550000000000001e+01 -5.0720650484248592e-02
1.4600000000000000e+01 -4.0486992782634797e-02
1.4650000000000000e+01 -3.0189194403259886e-02
1.4699999999999999e+01 -1.9852557693371582e-02
1.4750000000000000e+01 -9.5024004557208771e-03
1.4800000000000001e+01 8.3600530329174894e-04
1.4850000000000000e+01 1.1137494349508500e-02
1.4900000000000000e+01 2.1377068774908851e-02
1.4949999999999999e+01 3.1529957984791281e-02
1.5000000000000000e+01 4.1571677975250444e-02
1.5050000000000001e+01 5.1478089759965144e-02
1.5100000000000000e+01 6.1225456807682710e-02
1.5150000000000000e+01 7.0790501354496327e-02
1.5199999999999999e+01 8.0150459457989390e-02
1.5250000000000000e+01 8.9283134663703731e-02
1.5300000000000001e+01 9.8166950157965810e-02
1.5350000000000000e+01 1.0678099928507434e-01
1.5400000000000000e+01 1.1510509431104843e-01
1.5449999999999999e+01 1.2311981332062928e-01
1.5500000000000000e+01 1.3080654513898540e-01
1.5550000000000001e+01 1.3814753217455608e-01
1.5600000000000000e+01 1.4512591108474640e-01
1.5650000000000000e+01 1.5172575117161949e-01
1.5699999999999999e+01 1.5793209042042927e-01
1.5750000000000000e+01 1.6373096909972895e-01
1.5800000000000001e+01 1.6910946084782266e-01
1.5850000000000000e+01 1.7405570117659003e-01
1.5900000000000000e+01 1.7855891333008125e-01
1.5949999999999999e+01 1.8260943144180630e-01
1.6000000000000000e+01 1.8619872094129220e-01
1.6050000000000001e+01 1.8931939616722326e-01
1.6100000000000001e+01 1.9196523515132918e-01
1.6149999999999999e+01 1.9413119154408559e-01
1.6199999999999999e+01 1.9581340366026972e-01
1.6250000000000000e+01 1.9700920062940885e-01
1.6300000000000001e+01 1.9771710564319728e-01
1.6350000000000001e+01 1.9793683629898048e-01
1.6399999999999999e+01 1.9766930204542893e-01
1.6449999999999999e+01 1.9691659874351436e-01
1.6500000000000000e+01 1.9568200036284514e-01
1.6550000000000001e+01 1.9396994784029536e-01
1.6600000000000001e+01 1.9178603513467324e-01
1.6649999999999999e+01 1.8913699251787164e-01
1.6699999999999999e+01 1.8603066714954219e-01
1.6750000000000000e+01 1.8247600098881017e-01
1.6800000000000001e+01 1.7848300610285478e-01
1.6850000000000001e+01 1.7406273743836828e-01
1.6899999999999999e+01 1.6922726312788872e-01
1.6949999999999999e+01 1.6398963240881126e-01
1.7000000000000000e+01 1.5836384123850342e-01
1.7050000000000001e+01 1.5236479569432848e-01
1.7100000000000001e+01 1.4600827325256538e-01
1.7149999999999999e+01 1.3931088204513770e-01
1.7199999999999999e+01 1.3229001819774872e-01
1.7250000000000000e+01 1.2496382135744531e-01
1.7300000000000001e+01 1.1735112852177426e-01
1.7350000000000001e+01 1.0947142628558287e-01
1.7399999999999999e+01 1.0134480162508211e-01
1.7449999999999999e+01 9.2991891342084174e-02
1.7500000000000000e+01 8.4433830294313852e-02
1.7550000000000001e+01 7.5692198540346922e-02
1.7600000000000001e+01 6.6788967530095208e-02
1.7649999999999999e+01 5.7746445473792402e-02
1.7699999999999999e+01 4.8587222024119352e-02
1.7750000000000000e+01 3.9334112407516546e-02
1.7800000000000001e+01 3.0010101141731138e-02
1.7850000000000001e+01 2.0638285477400046e-02
1.7899999999999999e+01 1.1241818701806888e-02
1.7949999999999999e+01 1.8438534430039477e-03
1.8000000000000000e+01 -7.5325148878016357e-03
1.8050000000000001e+01 -1.6864304378347263e-02
1.8100000000000001e+01 -2.6128702485606135e-02
1.8149999999999999e+01 -3.5303121359255556e-02
1.8199999999999999e+01 -4.4365252484952787e-02
1.8250000000000000e+01 -5.3293120515957894e-02
1.8300000000000001e+01 -6.2065136163918753e-02
1.8350000000000001e+01 -7.0660148022184496e-02
1.8399999999999999e+01 -7.9057493197873627e-02
1.8449999999999999e+01 -8.7237046632104798e-02
1.8500000000000000e+01 -9.5179268991204838e-02
1.8550000000000001e+01 -1.0286525301548335e-01
1.8600000000000001e+01 -1.1027676821610320e-01
1.8649999999999999e+01 -1.1739630381486747e-01
1.8699999999999999e+01 -1.2420710982621506e-01
1.8750000000000000e+01 -1.3069323618545525e-01
1.8800000000000001e+01 -1.3683956983223980e-01
1.8850000000000001e+01 -1.4263186966341970e-01
1.8899999999999999e+01 -1.4805679927481449e-01
1.8949999999999999e+01 -1.5310195741697008e-01
1.9000000000000000e+01 -1.5775590609569431e-01
1.9050000000000001e+01 -1.6200819625405422e-01
1.9100000000000001e+01 -1.6584939097852830e-01
1.9149999999999999e+01 -1.6927108617815906e-01
1.9199999999999999e+01 -1.7226592869182034e-01
1.9250000000000000e+01 -1.7482763178505642e-01
1.9300000000000001e+01 -1.7695098800440878e-01
1.9350000000000001e+01 -1.7863187936363414e-01
1.9399999999999999e+01 -1.7986728484278497e-01
1.9449999999999999e+01 -1.8065528518770199e-01
1.9500000000000000e+01 -1.8099506500408036e-01
1.9550000000000001e+01 -1.8088691214687394e-01
1.9600000000000001e+01 -1.8033221441239644e-01
1.9649999999999999e+01 -1.7933345354703747e-01
1.9699999999999999e+01 -1.7789419659302549e-01
1.9750000000000000e+01 -1.7601908459812582e-01
1.9800000000000001e+01 -1.7371381872252906e-01
1.9850000000000001e+01 -1.7098514378247151e-01
1.9899999999999999e+01 -1.6784082927629887e-01
1.9949999999999999e+01 -1.6428964794473036e-01
2.0000000000000000e+01 -1.6034135192299823e-01
