r exact one_term two_term
0.000000 1.0000000000 1.0000000000 1.0000000000
0.005000 0.9999638554 0.9999750000 0.9999652582
0.010000 0.9998554256 0.9999000000 0.9998610356
0.015000 0.9996747222 0.9997750000 0.9996873411
0.020000 0.9994217650 0.9996000000 0.9994441893
0.025000 0.9990965813 0.9993750000 0.9991316005
0.030000 0.9986992064 0.9991000000 0.9987496012
0.035000 0.9982296833 0.9987750000 0.9982982235
0.040000 0.9976880631 0.9984000000 0.9977775053
0.045000 0.9970744043 0.9979750000 0.9971874905
0.050000 0.9963887736 0.9975000000 0.9965282288
0.055000 0.9956312452 0.9969750000 0.9957997757
0.060000 0.9948019014 0.9964000000 0.9950021926
0.065000 0.9939008319 0.9957750000 0.9941355467
0.070000 0.9929281345 0.9951000000 0.9931999110
0.075000 0.9918839146 0.9943750000 0.9921953646
0.080000 0.9907682854 0.9936000000 0.9911219921
0.085000 0.9895813678 0.9927750000 0.9899798842
0.090000 0.9883232904 0.9919000000 0.9887691372
0.095000 0.9869941896 0.9909750000 0.9874898535
0.100000 0.9855942094 0.9900000000 0.9861421413
0.105000 0.9841235015 0.9889750000 0.9847261144
0.110000 0.9825822251 0.9879000000 0.9832418928
0.115000 0.9809705474 0.9867750000 0.9816896020
0.120000 0.9792886428 0.9856000000 0.9800693737
0.125000 0.9775366935 0.9843750000 0.9783813452
0.130000 0.9757148893 0.9831000000 0.9766256596
0.135000 0.9738234275 0.9817750000 0.9748024661
0.140000 0.9718625129 0.9804000000 0.9729119196
0.145000 0.9698323577 0.9789750000 0.9709541807
0.150000 0.9677331817 0.9775000000 0.9689294161
0.155000 0.9655652123 0.9759750000 0.9668377982
0.160000 0.9633286839 0.9744000000 0.9646795053
0.165000 0.9610238387 0.9727750000 0.9624547215
0.170000 0.9586509260 0.9711000000 0.9601636368
0.175000 0.9562102025 0.9693750000 0.9578064470
0.180000 0.9537019323 0.9676000000 0.9553833538
0.185000 0.9511263866 0.9657750000 0.9528945646
0.190000 0.9484838440 0.9639000000 0.9503402929
0.195000 0.9457745901 0.9619750000 0.9477207577
0.200000 0.9429989180 0.9600000000 0.9450361843
0.205000 0.9401571275 0.9579750000 0.9422868033
0.210000 0.9372495258 0.9559000000 0.9394728517
0.215000 0.9342764271 0.9537750000 0.9365945719
0.220000 0.9312381525 0.9516000000 0.9336522123
0.225000 0.9281350304 0.9493750000 0.9306460274
0.230000 0.9249673956 0.9471000000 0.9275762770
0.235000 0.9217355904 0.9447750000 0.9244432273
0.240000 0.9184399636 0.9424000000 0.9212471501
0.245000 0.9150808708 0.9399750000 0.9179883228
0.250000 0.9116586746 0.9375000000 0.9146670292
0.255000 0.9081737441 0.9349750000 0.9112835584
0.260000 0.9046264554 0.9324000000 0.9078382058
0.265000 0.9010171909 0.9297750000 0.9043312722
0.270000 0.8973463397 0.9271000000 0.9007630647
0.275000 0.8936142976 0.9243750000 0.8971338959
0.280000 0.8898214667 0.9216000000 0.8934440843
0.285000 0.8859682558 0.9187750000 0.8896939544
0.290000 0.8820550798 0.9159000000 0.8858838365
0.295000 0.8780823603 0.9129750000 0.8820140666
0.300000 0.8740505248 0.9100000000 0.8780849867
0.305000 0.8699600075 0.9069750000 0.8740969446
0.310000 0.8658112484 0.9039000000 0.8700502939
0.315000 0.8616046938 0.9007750000 0.8659453942
0.320000 0.8573407963 0.8976000000 0.8617826106
0.325000 0.8530200143 0.8943750000 0.8575623145
0.330000 0.8486428122 0.8911000000 0.8532848828
0.335000 0.8442096604 0.8877750000 0.8489506983
0.340000 0.8397210352 0.8844000000 0.8445601499
0.345000 0.8351774186 0.8809750000 0.8401136320
0.350000 0.8305792985 0.8775000000 0.8356115451
0.355000 0.8259271684 0.8739750000 0.8310542953
0.360000 0.8212215275 0.8704000000 0.8264422949
0.365000 0.8164628805 0.8667750000 0.8217759616
0.370000 0.8116517377 0.8631000000 0.8170557194
0.375000 0.8067886149 0.8593750000 0.8122819977
0.380000 0.8018740332 0.8556000000 0.8074552322
0.385000 0.7969085190 0.8517750000 0.8025758640
0.390000 0.7918926042 0.8479000000 0.7976443405
0.395000 0.7868268256 0.8439750000 0.7926611145
0.400000 0.7817117254 0.8400000000 0.7876266449
0.405000 0.7765478507 0.8359750000 0.7825413964
0.410000 0.7713357538 0.8319000000 0.7774058397
0.415000 0.7660759917 0.8277750000 0.7722204509
0.420000 0.7607691266 0.8236000000 0.7669857125
0.425000 0.7554157253 0.8193750000 0.7617021124
0.430000 0.7500163592 0.8151000000 0.7563701446
0.435000 0.7445716048 0.8107750000 0.7509903088
0.440000 0.7390820429 0.8064000000 0.7455631107
0.445000 0.7335482589 0.8019750000 0.7400890617
0.450000 0.7279708428 0.7975000000 0.7345686792
0.455000 0.7223503886 0.7929750000 0.7290024862
0.460000 0.7166874952 0.7884000000 0.7233910118
0.465000 0.7109827654 0.7837750000 0.7177347908
0.470000 0.7052368062 0.7791000000 0.7120343639
0.475000 0.6994502289 0.7743750000 0.7062902777
0.480000 0.6936236485 0.7696000000 0.7005030844
0.485000 0.6877576844 0.7647750000 0.6946733424
0.490000 0.6818529595 0.7599000000 0.6888016156
0.495000 0.6759101009 0.7549750000 0.6828884740
0.500000 0.6699297390 0.7500000000 0.6769344934
0.505000 0.6639125082 0.7449750000 0.6709402554
0.510000 0.6578590465 0.7399000000 0.6649063473
0.515000 0.6517699952 0.7347750000 0.6588333626
0.520000 0.6456459992 0.7296000000 0.6527219002
0.525000 0.6394877067 0.7243750000 0.6465725653
0.530000 0.6332957692 0.7191000000 0.6403859686
0.535000 0.6270708414 0.7137750000 0.6341627269
0.540000 0.6208135812 0.7084000000 0.6279034625
0.545000 0.6145246495 0.7029750000 0.6216088040
0.550000 0.6082047102 0.6975000000 0.6152793855
0.555000 0.6018544299 0.6919750000 0.6089158470
0.560000 0.5954744785 0.6864000000 0.6025188345
0.565000 0.5890655280 0.6807750000 0.5960889996
0.570000 0.5826282536 0.6751000000 0.5896270001
0.575000 0.5761633328 0.6693750000 0.5831334993
0.580000 0.5696714456 0.6636000000 0.5766091665
0.585000 0.5631532745 0.6577750000 0.5700546768
0.590000 0.5566095043 0.6519000000 0.5634707113
0.595000 0.5500408222 0.6459750000 0.5568579566
0.600000 0.5434479172 0.6400000000 0.5502171055
0.605000 0.5368314808 0.6339750000 0.5435488565
0.610000 0.5301922063 0.6279000000 0.5368539140
0.615000 0.5235307889 0.6217750000 0.5301329881
0.620000 0.5168479257 0.6156000000 0.5233867948
0.625000 0.5101443157 0.6093750000 0.5166160561
0.630000 0.5034206593 0.6031000000 0.5098214997
0.635000 0.4966776587 0.5967750000 0.5030038592
0.640000 0.4899160175 0.5904000000 0.4961638740
0.645000 0.4831364408 0.5839750000 0.4893022893
0.650000 0.4763396352 0.5775000000 0.4824198563
0.655000 0.4695263081 0.5709750000 0.4755173319
0.660000 0.4626971686 0.5644000000 0.4685954790
0.665000 0.4558529266 0.5577750000 0.4616550662
0.670000 0.4489942931 0.5511000000 0.4546968679
0.675000 0.4421219800 0.5443750000 0.4477216646
0.680000 0.4352367000 0.5376000000 0.4407302424
0.685000 0.4283391667 0.5307750000 0.4337233933
0.690000 0.4214300942 0.5239000000 0.4267019152
0.695000 0.4145101974 0.5169750000 0.4196666119
0.700000 0.4075801916 0.5100000000 0.4126182928
0.705000 0.4006407924 0.5029750000 0.4055577735
0.710000 0.3936927160 0.4959000000 0.3984858751
0.715000 0.3867366786 0.4887750000 0.3914034248
0.720000 0.3797733967 0.4816000000 0.3843112555
0.725000 0.3728035870 0.4743750000 0.3772102061
0.730000 0.3658279659 0.4671000000 0.3701011210
0.735000 0.3588472501 0.4597750000 0.3629848509
0.740000 0.3518621557 0.4524000000 0.3558622520
0.745000 0.3448733991 0.4449750000 0.3487341866
0.750000 0.3378816958 0.4375000000 0.3416015226
0.755000 0.3308877612 0.4299750000 0.3344651339
0.760000 0.3238923102 0.4224000000 0.3273259003
0.765000 0.3168960570 0.4147750000 0.3201847072
0.770000 0.3098997153 0.4071000000 0.3130424461
0.775000 0.3029039979 0.3993750000 0.3059000141
0.780000 0.2959096167 0.3916000000 0.2987583145
0.785000 0.2889172829 0.3837750000 0.2916182562
0.790000 0.2819277066 0.3759000000 0.2844807538
0.795000 0.2749415968 0.3679750000 0.2773467281
0.800000 0.2679596613 0.3600000000 0.2702171055
0.805000 0.2609826068 0.3519750000 0.2630928184
0.810000 0.2540111385 0.3439000000 0.2559748048
0.815000 0.2470459603 0.3357750000 0.2488640088
0.820000 0.2400877746 0.3276000000 0.2417613803
0.825000 0.2331372822 0.3193750000 0.2346678749
0.830000 0.2261951821 0.3111000000 0.2275844542
0.835000 0.2192621720 0.3027750000 0.2205120856
0.840000 0.2123389472 0.2944000000 0.2134517423
0.845000 0.2054262015 0.2859750000 0.2064044034
0.850000 0.1985246267 0.2775000000 0.1993710538
0.855000 0.1916349124 0.2689750000 0.1923526843
0.860000 0.1847577461 0.2604000000 0.1853502915
0.865000 0.1778938131 0.2517750000 0.1783648778
0.870000 0.1710437964 0.2431000000 0.1713974515
0.875000 0.1642083767 0.2343750000 0.1644490269
0.880000 0.1573882321 0.2256000000 0.1575206239
0.885000 0.1505840383 0.2167750000 0.1506132683
0.890000 0.1437964684 0.2079000000 0.1437279918
0.895000 0.1370261927 0.1989750000 0.1368658320
0.900000 0.1302738787 0.1900000000 0.1300278322
0.905000 0.1235401912 0.1809750000 0.1232150417
0.910000 0.1168257922 0.1719000000 0.1164285154
0.915000 0.1101313403 0.1627750000 0.1096693144
0.920000 0.1034574915 0.1536000000 0.1029385054
0.925000 0.0968048983 0.1443750000 0.0962371610
0.930000 0.0901742101 0.1351000000 0.0895663596
0.935000 0.0835660731 0.1257750000 0.0829271855
0.940000 0.0769811301 0.1164000000 0.0763207289
0.945000 0.0704200203 0.1069750000 0.0697480857
0.950000 0.0638833796 0.0975000000 0.0632103578
0.955000 0.0573718403 0.0879750000 0.0567086528
0.960000 0.0508860308 0.0784000000 0.0502440843
0.965000 0.0444265762 0.0687750000 0.0438177716
0.970000 0.0379940973 0.0591000000 0.0374308400
0.975000 0.0315892115 0.0493750000 0.0310844204
0.980000 0.0252125319 0.0396000000 0.0247796498
0.985000 0.0188646679 0.0297750000 0.0185176710
0.990000 0.0125462246 0.0199000000 0.0122996325
0.995000 0.0062578030 0.0099750000 0.0061266887
1.000000 0.0000000000 0.0000000000 0.0000000000
